0 0.6033653846153846 0.2932692307692308 0.033052884615384616 0.028545673076923076
0 0.6490384615384616 0.13221153846153846 0.038461538461538464 0.038161057692307696
0 0.7884615384615384 0.06129807692307692 0.029146634615384616 0.030799278846153848
2 0.6262019230769231 0.7920673076923077 0.10096153846153846 0.12244591346153846
2 0.7067307692307693 0.6430288461538461 0.04251802884615385 0.041616586538461536
2 0.8125 0.6610576923076923 0.024338942307692308 0.023888221153846152
2 0.9194711538461539 0.4411057692307692 0.014423076923076924 0.021784855769230768
2 0.7560096153846154 0.08774038461538461 0.016826923076923076 0.021484375
2 0.7331730769230769 0.052884615384615384 0.03275240384615385 0.032602163461538464
2 0.6105769230769231 0.3389423076923077 0.014723557692307692 0.019230769230769232
2 0.515625 0.5997596153846154 0.026141826923076924 0.021334134615384616
2 0.4879807692307692 0.5649038461538461 0.01953125 0.019381009615384616
2 0.3137019230769231 0.5841346153846154 0.050631009615384616 0.033353365384615384
2 0.49038461538461536 0.4375 0.014573317307692308 0.019381009615384616
2 0.38461538461538464 0.3713942307692308 0.01953125 0.02088341346153846
2 0.3557692307692308 0.3329326923076923 0.02794471153846154 0.026893028846153848
2 0.19471153846153846 0.3737980769230769 0.014423076923076924 0.014423076923076924
2 0.056490384615384616 0.4375 0.026292067307692308 0.009915865384615384
2 0.29086538461538464 0.34615384615384615 0.02283653846153846 0.022986778846153848
2 0.9002403846153846 0.23798076923076922 0.045823317307692304 0.08143028846153846
2 0.7331730769230769 0.9050480769230769 0.09645432692307693 0.07692307692307693
2 0.8605769230769231 0.9663461538461539 0.07692307692307693 0.0673076923076923
2 0.29086538461538464 0.3088942307692308 0.023888221153846152 0.02403846153846154
2 0.41225961538461536 0.27524038461538464 0.016826923076923076 0.016526442307692308
2 0.009615384615384616 0.42788461538461536 0.015024038461538462 0.018028846153846152
2 0.8185096153846154 0.025240384615384616 0.009615384615384616 0.021334134615384616