0 0.6033653846153846 0.2932692307692308 0.033353365384615384 0.024188701923076924
0 0.6502403846153846 0.13581730769230768 0.045973557692307696 0.028846153846153848
0 0.7884615384615384 0.06370192307692307 0.029146634615384616 0.030799278846153848
2 0.6225961538461539 0.7956730769230769 0.09149639423076923 0.11553485576923077
2 0.7067307692307693 0.6418269230769231 0.057542067307692304 0.028846153846153848
2 0.8149038461538461 0.6598557692307693 0.023587740384615384 0.02208533653846154
2 0.9206730769230769 0.44350961538461536 0.018329326923076924 0.017277644230769232
2 0.7548076923076923 0.08774038461538461 0.019981971153846152 0.02088341346153846
2 0.7331730769230769 0.051682692307692304 0.024188701923076924 0.036207932692307696
2 0.8149038461538461 0.021634615384615384 0.015625 0.015625
2 0.6117788461538461 0.3389423076923077 0.016826923076923076 0.015625
2 0.515625 0.6009615384615384 0.022235576923076924 0.023287259615384616
2 0.4855769230769231 0.5673076923076923 0.014723557692307692 0.028545673076923076
2 0.3125 0.5853365384615384 0.03876201923076923 0.038461538461538464
2 0.4879807692307692 0.43990384615384615 0.014423076923076924 0.01953125
2 0.38461538461538464 0.3713942307692308 0.01893028846153846 0.021484375
2 0.35336538461538464 0.3317307692307692 0.02869591346153846 0.023888221153846152
2 0.052884615384615384 0.4387019230769231 0.022986778846153848 0.021634615384615384
2 0.28846153846153844 0.34375 0.019381009615384616 0.024188701923076924
2 0.8978365384615384 0.23677884615384615 0.06009615384615385 0.05979567307692308
2 0.7307692307692307 0.9038461538461539 0.11538461538461539 0.08668870192307693
2 0.859375 0.9735576923076923 0.10336538461538461 0.052584134615384616
2 0.01201923076923077 0.43028846153846156 0.01953125 0.019230769230769232
2 0.28725961538461536 0.31009615384615385 0.026442307692307692 0.015024038461538462