0 0.6177884615384616 0.43509615384615385 0.03395432692307692 0.03365384615384615
0 0.6694711538461539 0.23317307692307693 0.045072115384615384 0.043870192307692304
0 0.8209134615384616 0.14543269230769232 0.038461538461538464 0.028846153846153848
0 0.5300480769230769 0.02403846153846154 0.02599158653846154 0.024489182692307692
0 0.6778846153846154 0.020432692307692308 0.023737980769230768 0.02208533653846154
2 0.8653846153846154 0.9326923076923077 0.01953125 0.023888221153846152
2 0.9807692307692307 0.6286057692307693 0.018780048076923076 0.017578125
2 0.4807692307692308 0.7980769230769231 0.01817908653846154 0.01817908653846154
2 0.5168269230769231 0.8401442307692307 0.019230769230769232 0.01201923076923077
2 0.2800480769230769 0.8221153846153846 0.057692307692307696 0.04326923076923077
2 0.48677884615384615 0.625 0.017427884615384616 0.018780048076923076
2 0.6274038461538461 0.49278846153846156 0.009765625 0.019230769230769232
2 0.36899038461538464 0.5348557692307693 0.021033653846153848 0.021334134615384616
2 0.40024038461538464 0.41225961538461536 0.009615384615384616 0.021334134615384616
2 0.33413461538461536 0.484375 0.024188701923076924 0.026592548076923076
2 0.25961538461538464 0.4495192307692308 0.0234375 0.0234375
2 0.1502403846153846 0.5384615384615384 0.01201923076923077 0.014423076923076924
2 0.7848557692307693 0.18269230769230768 0.019230769230769232 0.028545673076923076
2 0.7596153846153846 0.1346153846153846 0.042367788461538464 0.03951322115384615
2 0.8533653846153846 0.09735576923076923 0.009615384615384616 0.014423076923076924
2 0.2620192307692308 0.5036057692307693 0.024338942307692308 0.02403846153846154
2 0.9543269230769231 0.36658653846153844 0.06670673076923077 0.06520432692307693