0 0.6153846153846154 0.4567307692307692 0.034555288461538464 0.037259615384615384
0 0.6658653846153846 0.25 0.042067307692307696 0.039663461538461536
0 0.8221153846153846 0.15745192307692307 0.03831129807692308 0.026592548076923076
0 0.5252403846153846 0.03125 0.027043269230769232 0.028395432692307692
0 0.6778846153846154 0.03125 0.023137019230769232 0.023137019230769232
2 0.13581730769230768 0.5697115384615384 0.016526442307692308 0.019230769230769232
2 0.3605769230769231 0.5625 0.023137019230769232 0.022986778846153848
2 0.3245192307692308 0.5108173076923077 0.024338942307692308 0.026141826923076924
2 0.2439903846153846 0.47836538461538464 0.026292067307692308 0.019230769230769232
2 0.39302884615384615 0.4375 0.011868990384615384 0.024188701923076924
2 0.4807692307692308 0.6574519230769231 0.014573317307692308 0.019230769230769232
2 0.6237980769230769 0.5192307692307693 0.01201923076923077 0.023888221153846152
2 0.2668269230769231 0.8653846153846154 0.0674579326923077 0.04807692307692308
2 0.5120192307692307 0.8858173076923077 0.023587740384615384 0.02208533653846154
2 0.8737980769230769 0.9747596153846154 0.017427884615384616 0.017277644230769232
2 0.9867788461538461 0.65625 0.014423076923076924 0.024188701923076924
2 0.7836538461538461 0.19110576923076922 0.01893028846153846 0.028846153846153848
2 0.7560096153846154 0.14423076923076922 0.02674278846153846 0.04807692307692308
2 0.8521634615384616 0.10576923076923077 0.014423076923076924 0.019230769230769232
2 0.2512019230769231 0.5300480769230769 0.022536057692307692 0.025540865384615384
2 0.9543269230769231 0.38341346153846156 0.0731670673076923 0.07451923076923077