0 0.6189903846153846 0.48677884615384615 0.036057692307692304 0.03590745192307692
0 0.6706730769230769 0.2692307692307692 0.05318509615384615 0.03365384615384615
0 0.8293269230769231 0.17307692307692307 0.038461538461538464 0.024188701923076924
0 0.5252403846153846 0.042067307692307696 0.031099759615384616 0.021484375
0 0.6802884615384616 0.042067307692307696 0.023737980769230768 0.026292067307692308
2 0.47475961538461536 0.8846153846153846 0.02208533653846154 0.023287259615384616
2 0.5120192307692307 0.9314903846153846 0.02478966346153846 0.025691105769230768
2 0.2620192307692308 0.9170673076923077 0.0625 0.05048076923076923
2 0.1310096153846154 0.6009615384615384 0.014423076923076924 0.014423076923076924
2 0.3605769230769231 0.5973557692307693 0.019230769230769232 0.028846153846153848
2 0.32211538461538464 0.5432692307692307 0.025090144230769232 0.025090144230769232
2 0.24639423076923078 0.5048076923076923 0.025841346153846152 0.024639423076923076
2 0.39302884615384615 0.46274038461538464 0.011868990384615384 0.021484375
2 0.6286057692307693 0.5480769230769231 0.01622596153846154 0.015174278846153846
2 0.7920673076923077 0.2091346153846154 0.020733173076923076 0.01953125
2 0.7620192307692307 0.15625 0.033353365384615384 0.052584134615384616
2 0.8605769230769231 0.12139423076923077 0.010216346153846154 0.026141826923076924
2 0.4807692307692308 0.6935096153846154 0.018780048076923076 0.017277644230769232
2 0.24519230769230768 0.5576923076923077 0.020432692307692308 0.020282451923076924
2 0.9615384615384616 0.4074519230769231 0.07692307692307693 0.07932692307692307