0 0.6189903846153846 0.515625 0.036057692307692304 0.04071514423076923
0 0.671875 0.2920673076923077 0.05543870192307692 0.03365384615384615
0 0.8317307692307693 0.18990384615384615 0.0390625 0.028846153846153848
0 0.5252403846153846 0.056490384615384616 0.030198317307692308 0.027493990384615384
0 0.6814903846153846 0.054086538461538464 0.019230769230769232 0.026292067307692308
2 0.5120192307692307 0.984375 0.024639423076923076 0.03125
2 0.47475961538461536 0.9375 0.026442307692307692 0.025090144230769232
2 0.24639423076923078 0.9615384615384616 0.04807692307692308 0.04326923076923077
2 0.47836538461538464 0.734375 0.023737980769230768 0.022235576923076924
2 0.6298076923076923 0.5793269230769231 0.014573317307692308 0.019381009615384616
2 0.3545673076923077 0.6310096153846154 0.027043269230769232 0.027043269230769232
2 0.3173076923076923 0.5721153846153846 0.029146634615384616 0.029146634615384616
2 0.234375 0.5348557692307693 0.03635817307692308 0.019230769230769232
2 0.11899038461538461 0.6346153846153846 0.019230769230769232 0.01893028846153846
2 0.3870192307692308 0.4891826923076923 0.013822115384615384 0.026141826923076924
2 0.7920673076923077 0.22956730769230768 0.026442307692307692 0.026442307692307692
2 0.765625 0.17427884615384615 0.026592548076923076 0.04807692307692308
2 0.8653846153846154 0.13581730769230768 0.009765625 0.016826923076923076
2 0.2403846153846154 0.5901442307692307 0.019381009615384616 0.026292067307692308
2 0.9663461538461539 0.43028846153846156 0.0673076923076923 0.07692307692307693
2 0.037259615384615384 0.23076923076923078 0.02088341346153846 0.019981971153846152