0 0.6213942307692307 0.5456730769230769 0.036207932692307696 0.043118990384615384
0 0.6730769230769231 0.3112980769230769 0.04732572115384615 0.04612379807692308
0 0.8341346153846154 0.2091346153846154 0.04296875 0.033353365384615384
0 0.5240384615384616 0.06971153846153846 0.029146634615384616 0.023888221153846152
0 0.6802884615384616 0.06610576923076923 0.019230769230769232 0.026292067307692308
2 0.109375 0.671875 0.01201923076923077 0.019230769230769232
2 0.47475961538461536 0.7752403846153846 0.016676682692307692 0.026292067307692308
2 0.34975961538461536 0.6622596153846154 0.025540865384615384 0.025841346153846152
2 0.3125 0.6033653846153846 0.02869591346153846 0.033353365384615384
2 0.2283653846153846 0.5673076923076923 0.023888221153846152 0.02403846153846154
2 0.38461538461538464 0.5192307692307693 0.018028846153846152 0.01817908653846154
2 0.6310096153846154 0.6129807692307693 0.01622596153846154 0.015024038461538462
2 0.796875 0.24759615384615385 0.017277644230769232 0.018780048076923076
2 0.7680288461538461 0.19471153846153846 0.03155048076923077 0.052584134615384616
2 0.8677884615384616 0.15144230769230768 0.018629807692307692 0.01893028846153846
2 0.23076923076923078 0.625 0.019230769230769232 0.024188701923076924
2 0.9651442307692307 0.45913461538461536 0.06971153846153846 0.08173076923076923
2 0.4723557692307692 0.9903846153846154 0.009615384615384616 0.019230769230769232
2 0.04927884615384615 0.4170673076923077 0.019230769230769232 0.017728365384615384