0 0.625 0.578125 0.03936298076923077 0.040114182692307696
0 0.6790865384615384 0.33533653846153844 0.04567307692307692 0.04567307692307692
0 0.84375 0.2283653846153846 0.03470552884615385 0.034555288461538464
0 0.6887019230769231 0.0829326923076923 0.021634615384615384 0.026292067307692308
0 0.5276442307692307 0.08413461538461539 0.030799278846153848 0.029296875
2 0.09975961538461539 0.7091346153846154 0.017127403846153848 0.018629807692307692
2 0.47596153846153844 0.8209134615384616 0.009915865384615384 0.026292067307692308
2 0.6370192307692307 0.6514423076923077 0.019230769230769232 0.023888221153846152
2 0.34615384615384615 0.7019230769230769 0.023137019230769232 0.023137019230769232
2 0.3112980769230769 0.6466346153846154 0.021484375 0.033353365384615384
2 0.2247596153846154 0.5985576923076923 0.036057692307692304 0.019230769230769232
2 0.38100961538461536 0.5504807692307693 0.016526442307692308 0.024338942307692308
2 0.8028846153846154 0.2644230769230769 0.020432692307692308 0.022986778846153848
2 0.7752403846153846 0.2091346153846154 0.045072115384615384 0.04371995192307692
2 0.8762019230769231 0.16706730769230768 0.014423076923076924 0.014423076923076924
2 0.040865384615384616 0.4411057692307692 0.014723557692307692 0.019230769230769232
2 0.2247596153846154 0.6598557692307693 0.021484375 0.028846153846153848
2 0.9867788461538461 0.47716346153846156 0.026442307692307692 0.09375