0 0.625 0.6021634615384616 0.0390625 0.041165865384615384
0 0.6790865384615384 0.34975961538461536 0.057692307692307696 0.03365384615384615
0 0.8473557692307693 0.23918269230769232 0.040865384615384616 0.03365384615384615
0 0.5252403846153846 0.09254807692307693 0.030198317307692308 0.030198317307692308
0 0.6875 0.09134615384615384 0.023137019230769232 0.022986778846153848
2 0.0889423076923077 0.7379807692307693 0.019230769230769232 0.019230769230769232
2 0.47475961538461536 0.8533653846153846 0.014423076923076924 0.019230769230769232
2 0.6346153846153846 0.6742788461538461 0.014723557692307692 0.019230769230769232
2 0.3401442307692308 0.7355769230769231 0.02403846153846154 0.02403846153846154
2 0.30288461538461536 0.6694711538461539 0.024939903846153848 0.02599158653846154
2 0.21875 0.6262019230769231 0.02794471153846154 0.026442307692307692
2 0.37740384615384615 0.5757211538461539 0.014423076923076924 0.021784855769230768
2 0.8064903846153846 0.2824519230769231 0.019230769230769232 0.026592548076923076
2 0.7764423076923077 0.22355769230769232 0.047025240384615384 0.044320913461538464
2 0.8810096153846154 0.1814903846153846 0.017878605769230768 0.017878605769230768
2 0.21875 0.6875 0.02283653846153846 0.023137019230769232
2 0.9891826923076923 0.4891826923076923 0.021634615384615384 0.08413461538461539