0 0.6334134615384616 0.7271634615384616 0.041015625 0.04567307692307692
0 0.6887019230769231 0.4362980769230769 0.050631009615384616 0.05033052884615385
0 0.8629807692307693 0.31009615384615385 0.03831129807692308 0.038461538461538464
0 0.5240384615384616 0.14903846153846154 0.033804086538461536 0.02869591346153846
0 0.6947115384615384 0.14543269230769232 0.02403846153846154 0.026292067307692308
2 0.3245192307692308 0.8786057692307693 0.029747596153846152 0.030348557692307692
2 0.28365384615384615 0.8016826923076923 0.03350360576923077 0.036207932692307696
2 0.1935096153846154 0.7536057692307693 0.04326923076923077 0.021935096153846152
2 0.36538461538461536 0.6911057692307693 0.023737980769230768 0.022235576923076924
2 0.6442307692307693 0.8088942307692307 0.014573317307692308 0.021784855769230768
2 0.8221153846153846 0.35697115384615385 0.019230769230769232 0.03125
2 0.7896634615384616 0.29447115384615385 0.031400240384615384 0.06009615384615385
2 0.8966346153846154 0.24278846153846154 0.015625 0.015625
2 0.1935096153846154 0.8269230769230769 0.028846153846153848 0.028846153846153848