0 0.6334134615384616 0.7271634615384616 0.04462139423076923 0.04326923076923077
0 0.6887019230769231 0.4362980769230769 0.060396634615384616 0.04056490384615385
0 0.8629807692307693 0.31009615384615385 0.043118990384615384 0.03365384615384615
0 0.5240384615384616 0.14903846153846154 0.032602163461538464 0.02989783653846154
0 0.6947115384615384 0.14543269230769232 0.02403846153846154 0.026141826923076924
2 0.3245192307692308 0.8786057692307693 0.024338942307692308 0.035757211538461536
2 0.28365384615384615 0.8016826923076923 0.034104567307692304 0.03560697115384615
2 0.1935096153846154 0.7536057692307693 0.031850961538461536 0.03200120192307692
2 0.36538461538461536 0.6911057692307693 0.014573317307692308 0.03125
2 0.6442307692307693 0.8088942307692307 0.014573317307692308 0.021784855769230768
2 0.8221153846153846 0.35697115384615385 0.024639423076923076 0.025841346153846152
2 0.7896634615384616 0.29447115384615385 0.031400240384615384 0.06009615384615385
2 0.8966346153846154 0.24278846153846154 0.014423076923076924 0.019230769230769232
2 0.1935096153846154 0.8269230769230769 0.028846153846153848 0.028846153846153848