0 0.6418269230769231 0.8798076923076923 0.048677884615384616 0.047776442307692304
0 0.6983173076923077 0.5384615384615384 0.06505408653846154 0.04326923076923077
0 0.8846153846153846 0.3942307692307692 0.04326923076923077 0.04296875
0 0.5216346153846154 0.21033653846153846 0.03365384615384615 0.03365384615384615
0 0.7019230769230769 0.20793269230769232 0.028545673076923076 0.028846153846153848
2 0.6526442307692307 0.9819711538461539 0.016526442307692308 0.021935096153846152
2 0.25841346153846156 0.9723557692307693 0.031400240384615384 0.03125
2 0.15865384615384615 0.9086538461538461 0.043118990384615384 0.024188701923076924
2 0.34975961538461536 0.8449519230769231 0.01171875 0.035757211538461536
2 0.8401442307692307 0.4423076923076923 0.021634615384615384 0.033804086538461536
2 0.8064903846153846 0.3713942307692308 0.03635817307692308 0.0694110576923077
2 0.9170673076923077 0.3161057692307692 0.016676682692307692 0.026292067307692308
2 0.19951923076923078 0.9230769230769231 0.018329326923076924 0.018329326923076924
2 0.15504807692307693 0.9879807692307693 0.021634615384615384 0.02403846153846154