0 0.6418269230769231 0.8798076923076923 0.043569711538461536 0.052734375
0 0.6983173076923077 0.5384615384615384 0.06505408653846154 0.04326923076923077
0 0.8846153846153846 0.3942307692307692 0.04807692307692308 0.038161057692307696
0 0.5216346153846154 0.21033653846153846 0.03365384615384615 0.03365384615384615
0 0.7019230769230769 0.20793269230769232 0.02869591346153846 0.028846153846153848
2 0.6526442307692307 0.9819711538461539 0.016676682692307692 0.021784855769230768
2 0.25841346153846156 0.9723557692307693 0.031400240384615384 0.03125
2 0.15865384615384615 0.9086538461538461 0.03350360576923077 0.033804086538461536
2 0.34975961538461536 0.8449519230769231 0.011868990384615384 0.03590745192307692
2 0.8401442307692307 0.4423076923076923 0.021634615384615384 0.033804086538461536
2 0.8064903846153846 0.3713942307692308 0.05423677884615385 0.05153245192307692
2 0.9170673076923077 0.3161057692307692 0.016526442307692308 0.026141826923076924
2 0.19951923076923078 0.9230769230769231 0.014573317307692308 0.019381009615384616
2 0.15625 0.9891826923076923 0.023737980769230768 0.021484375