0 0.7247596153846154 0.7896634615384616 0.0673076923076923 0.06595552884615384
0 0.9350961538461539 0.5913461538461539 0.043569711538461536 0.047776442307692304
0 0.5192307692307693 0.3557692307692308 0.03876201923076923 0.03831129807692308
0 0.7199519230769231 0.34975961538461536 0.026442307692307692 0.03365384615384615
0 0.5733173076923077 0.07211538461538461 0.021634615384615384 0.023737980769230768
2 0.29927884615384615 0.040865384615384616 0.016075721153846152 0.015024038461538462
2 0.5300480769230769 0.01201923076923077 0.01622596153846154 0.015174278846153846
2 0.8870192307692307 0.6634615384615384 0.033804086538461536 0.03365384615384615
2 0.8425480769230769 0.5588942307692307 0.07211538461538461 0.07076322115384616
2 0.96875 0.4879807692307692 0.014573317307692308 0.023888221153846152
2 0.7427884615384616 0.2668269230769231 0.019230769230769232 0.014723557692307692
2 0.6814903846153846 0.3786057692307692 0.016826923076923076 0.016676682692307692
2 0.2644230769230769 0.4483173076923077 0.015174278846153846 0.016075721153846152