0 0.7355769230769231 0.8713942307692307 0.0772235576923077 0.06986177884615384
0 0.9543269230769231 0.6514423076923077 0.04912860576923077 0.051682692307692304
0 0.515625 0.39663461538461536 0.045823317307692304 0.03861177884615385
0 0.7259615384615384 0.390625 0.03290264423076923 0.03170072115384615
0 0.5733173076923077 0.09615384615384616 0.026893028846153848 0.028245192307692308
0 0.6598557692307693 0.019230769230769232 0.021634615384615384 0.020432692307692308
2 0.9026442307692307 0.7271634615384616 0.037109375 0.038461538461538464
2 0.8557692307692307 0.6213942307692307 0.07301682692307693 0.07406850961538461
2 0.9855769230769231 0.5372596153846154 0.01893028846153846 0.017277644230769232
2 0.2932692307692308 0.06610576923076923 0.009615384615384616 0.016826923076923076
2 0.53125 0.03245192307692308 0.019981971153846152 0.021183894230769232
2 0.6838942307692307 0.4230769230769231 0.007211538461538462 0.01893028846153846
2 0.7463942307692307 0.3004807692307692 0.021634615384615384 0.023888221153846152
2 0.7367788461538461 0.21153846153846154 0.014423076923076924 0.019230769230769232
2 0.6899038461538461 0.23557692307692307 0.019230769230769232 0.019381009615384616