0 0.7355769230769231 0.8713942307692307 0.07572115384615384 0.07421875
0 0.9543269230769231 0.6514423076923077 0.048978365384615384 0.051682692307692304
0 0.515625 0.39663461538461536 0.041616586538461536 0.042818509615384616
0 0.7259615384615384 0.390625 0.03290264423076923 0.03170072115384615
0 0.5733173076923077 0.09615384615384616 0.026893028846153848 0.028245192307692308
0 0.6598557692307693 0.019230769230769232 0.02403846153846154 0.019230769230769232
2 0.9026442307692307 0.7271634615384616 0.026292067307692308 0.05048076923076923
2 0.8557692307692307 0.6213942307692307 0.07301682692307693 0.07406850961538461
2 0.9855769230769231 0.5372596153846154 0.009915865384615384 0.026292067307692308
2 0.2932692307692308 0.06610576923076923 0.013822115384615384 0.012620192307692308
2 0.53125 0.03245192307692308 0.02013221153846154 0.021334134615384616
2 0.6838942307692307 0.4230769230769231 0.012620192307692308 0.013521634615384616
2 0.7463942307692307 0.3004807692307692 0.021634615384615384 0.023888221153846152
2 0.7367788461538461 0.21153846153846154 0.016826923076923076 0.018028846153846152
2 0.6899038461538461 0.23557692307692307 0.019230769230769232 0.019381009615384616