0 0.7487980769230769 0.9867788461538461 0.08413461538461539 0.026442307692307692
0 0.9771634615384616 0.7596153846153846 0.04567307692307692 0.052734375
0 0.5144230769230769 0.4735576923076923 0.046875 0.04447115384615385
0 0.7379807692307693 0.46634615384615385 0.03350360576923077 0.03350360576923077
0 0.5769230769230769 0.140625 0.02478966346153846 0.02599158653846154
0 0.6634615384615384 0.054086538461538464 0.027644230769230768 0.02674278846153846
0 0.4483173076923077 0.01201923076923077 0.021634615384615384 0.019230769230769232
2 0.9302884615384616 0.84375 0.024338942307692308 0.052584134615384616
2 0.8786057692307693 0.7283653846153846 0.08864182692307693 0.0868389423076923
2 0.2848557692307692 0.10576923076923077 0.014423076923076924 0.014122596153846154
2 0.5300480769230769 0.06850961538461539 0.014423076923076924 0.026141826923076924
2 0.6971153846153846 0.29086538461538464 0.009915865384615384 0.033052884615384616
2 0.7584134615384616 0.36538461538461536 0.021484375 0.014423076923076924