0 0.7487980769230769 0.9795673076923077 0.055288461538461536 0.040865384615384616
0 0.9759615384615384 0.7584134615384616 0.04807692307692308 0.05048076923076923
0 0.5144230769230769 0.4735576923076923 0.046875 0.04447115384615385
0 0.7379807692307693 0.46634615384615385 0.033353365384615384 0.033353365384615384
0 0.5769230769230769 0.140625 0.024188701923076924 0.026592548076923076
0 0.6634615384615384 0.054086538461538464 0.028245192307692308 0.026141826923076924
0 0.4483173076923077 0.01201923076923077 0.021634615384615384 0.019230769230769232
2 0.9302884615384616 0.84375 0.03876201923076923 0.038161057692307696
2 0.8786057692307693 0.7283653846153846 0.05543870192307692 0.1200420673076923
2 0.2848557692307692 0.10576923076923077 0.014423076923076924 0.013822115384615384
2 0.5300480769230769 0.06850961538461539 0.021033653846153848 0.020733173076923076
2 0.6971153846153846 0.29086538461538464 0.023137019230769232 0.019831730769230768
2 0.7584134615384616 0.36538461538461536 0.017277644230769232 0.018629807692307692