0 0.9819711538461539 0.8064903846153846 0.036057692307692304 0.06009615384615385
0 0.515625 0.5048076923076923 0.045823317307692304 0.052734375
0 0.7427884615384616 0.49759615384615385 0.03275240384615385 0.02989783653846154
0 0.5793269230769231 0.15865384615384615 0.024338942307692308 0.024188701923076924
0 0.6670673076923077 0.06850961538461539 0.026592548076923076 0.026292067307692308
0 0.44711538461538464 0.021634615384615384 0.02403846153846154 0.02869591346153846
2 0.9435096153846154 0.8966346153846154 0.021334134615384616 0.04326923076923077
2 0.8870192307692307 0.7740384615384616 0.052884615384615384 0.1200420673076923
2 0.28125 0.12139423076923077 0.014122596153846154 0.014423076923076924
2 0.53125 0.0889423076923077 0.019381009615384616 0.019080528846153848
2 0.7644230769230769 0.3942307692307692 0.02403846153846154 0.01893028846153846
2 0.7019230769230769 0.3125 0.014423076923076924 0.03831129807692308