0 0.9819711538461539 0.8389423076923077 0.036057692307692304 0.04326923076923077
0 0.5144230769230769 0.5276442307692307 0.047776442307692304 0.04807692307692308
0 0.7439903846153846 0.5192307692307693 0.031099759615384616 0.03831129807692308
0 0.5757211538461539 0.171875 0.026442307692307692 0.03125
0 0.6646634615384616 0.08173076923076923 0.030949519230769232 0.023737980769230768
0 0.44471153846153844 0.03245192307692308 0.0234375 0.022385817307692308
2 0.9495192307692307 0.9338942307692307 0.02869591346153846 0.06009615384615385
2 0.890625 0.796875 0.0926983173076923 0.09134615384615384
2 0.5276442307692307 0.09975961538461539 0.016676682692307692 0.026292067307692308
2 0.27403846153846156 0.13701923076923078 0.01817908653846154 0.01817908653846154
2 0.6995192307692307 0.3245192307692308 0.028996394230769232 0.028846153846153848
2 0.765625 0.4110576923076923 0.021634615384615384 0.023888221153846152