0 0.9867788461538461 0.8401442307692307 0.026442307692307692 0.06009615384615385
0 0.5144230769230769 0.5276442307692307 0.047926682692307696 0.04807692307692308
0 0.7439903846153846 0.5192307692307693 0.031099759615384616 0.03831129807692308
0 0.5757211538461539 0.171875 0.028846153846153848 0.028846153846153848
0 0.6646634615384616 0.08173076923076923 0.026893028846153848 0.028094951923076924
0 0.44471153846153844 0.03245192307692308 0.0234375 0.022536057692307692
2 0.9495192307692307 0.9338942307692307 0.04371995192307692 0.045072115384615384
2 0.890625 0.796875 0.05543870192307692 0.12740384615384615
2 0.5276442307692307 0.09975961538461539 0.021484375 0.021484375
2 0.27403846153846156 0.13701923076923078 0.014723557692307692 0.01953125
2 0.6995192307692307 0.3245192307692308 0.014723557692307692 0.04326923076923077
2 0.765625 0.4110576923076923 0.021634615384615384 0.023737980769230768