0 0.9915865384615384 0.8786057692307693 0.016826923076923076 0.055588942307692304
0 0.5144230769230769 0.5504807692307693 0.04807692307692308 0.04807692307692308
0 0.7475961538461539 0.5432692307692307 0.028996394230769232 0.043118990384615384
0 0.5769230769230769 0.18509615384615385 0.027794471153846152 0.025240384615384616
0 0.6682692307692307 0.09375 0.02794471153846154 0.02794471153846154
0 0.44591346153846156 0.04447115384615385 0.021484375 0.026592548076923076
2 0.9591346153846154 0.9723557692307693 0.02403846153846154 0.05498798076923077
2 0.9002403846153846 0.8377403846153846 0.0946514423076923 0.09765625
2 0.5276442307692307 0.109375 0.016676682692307692 0.021784855769230768
2 0.2704326923076923 0.1466346153846154 0.01201923076923077 0.019230769230769232
2 0.7692307692307693 0.43028846153846156 0.028545673076923076 0.023888221153846152
2 0.7067307692307693 0.3473557692307692 0.019381009615384616 0.04567307692307692