0 0.9915865384615384 0.8786057692307693 0.016826923076923076 0.05543870192307692
0 0.5144230769230769 0.5504807692307693 0.04807692307692308 0.04807692307692308
0 0.7475961538461539 0.5432692307692307 0.029146634615384616 0.04296875
0 0.5769230769230769 0.18509615384615385 0.027794471153846152 0.025240384615384616
0 0.6682692307692307 0.09375 0.028996394230769232 0.024188701923076924
0 0.44591346153846156 0.04447115384615385 0.022686298076923076 0.025390625
2 0.9591346153846154 0.9723557692307693 0.0390625 0.039963942307692304
2 0.9002403846153846 0.8377403846153846 0.059945913461538464 0.13236177884615385
2 0.5276442307692307 0.109375 0.016676682692307692 0.021784855769230768
2 0.2704326923076923 0.1466346153846154 0.01622596153846154 0.015024038461538462
2 0.7692307692307693 0.43028846153846156 0.024939903846153848 0.025090144230769232
2 0.7067307692307693 0.3473557692307692 0.033353365384615384 0.031850961538461536