0 0.5144230769230769 0.6358173076923077 0.04837740384615385 0.05513822115384615
0 0.7620192307692307 0.6286057692307693 0.03876201923076923 0.04026442307692308
0 0.5793269230769231 0.23197115384615385 0.033353365384615384 0.026592548076923076
0 0.671875 0.1310096153846154 0.03125 0.026292067307692308
0 0.4411057692307692 0.07692307692307693 0.021634615384615384 0.028846153846153848
0 0.609375 0.004807692307692308 0.01201923076923077 0.009615384615384616
2 0.9182692307692307 0.9435096153846154 0.08173076923076923 0.07992788461538461
2 0.2608173076923077 0.1935096153846154 0.01201923076923077 0.021484375
2 0.5276442307692307 0.15264423076923078 0.016526442307692308 0.026141826923076924
2 0.7139423076923077 0.4074519230769231 0.014573317307692308 0.04326923076923077
2 0.7824519230769231 0.5024038461538461 0.025691105769230768 0.02478966346153846