0 0.5120192307692307 0.7091346153846154 0.05318509615384615 0.06219951923076923
0 0.7716346153846154 0.6971153846153846 0.03831129807692308 0.052734375
0 0.5817307692307693 0.27163461538461536 0.029447115384615384 0.033052884615384616
0 0.6754807692307693 0.1622596153846154 0.033353365384615384 0.026292067307692308
0 0.4387019230769231 0.10576923076923077 0.026442307692307692 0.028245192307692308
0 0.6117788461538461 0.018028846153846152 0.021484375 0.03125
2 0.9182692307692307 0.9867788461538461 0.014423076923076924 0.026442307692307692
2 0.5276442307692307 0.18509615384615385 0.02088341346153846 0.019981971153846152
2 0.25 0.2247596153846154 0.018780048076923076 0.017277644230769232
2 0.71875 0.45913461538461536 0.014573317307692308 0.03861177884615385
2 0.7908653846153846 0.5600961538461539 0.01817908653846154 0.018329326923076924