0 0.5120192307692307 0.7091346153846154 0.057992788461538464 0.05739182692307692
0 0.7716346153846154 0.6971153846153846 0.044320913461538464 0.044320913461538464
0 0.5817307692307693 0.27163461538461536 0.029146634615384616 0.033353365384615384
0 0.6754807692307693 0.1622596153846154 0.029146634615384616 0.030498798076923076
0 0.4387019230769231 0.10576923076923077 0.026442307692307692 0.028245192307692308
0 0.6117788461538461 0.018028846153846152 0.026141826923076924 0.026442307692307692
2 0.9182692307692307 0.9867788461538461 0.014423076923076924 0.026442307692307692
2 0.5276442307692307 0.18509615384615385 0.016676682692307692 0.024188701923076924
2 0.25 0.2247596153846154 0.014573317307692308 0.021484375
2 0.71875 0.45913461538461536 0.027794471153846152 0.027794471153846152
2 0.7908653846153846 0.5600961538461539 0.019381009615384616 0.014723557692307692