0 0.5108173076923077 0.7740384615384616 0.05618990384615385 0.057692307692307696
0 0.7800480769230769 0.7620192307692307 0.031400240384615384 0.05303485576923077
0 0.5805288461538461 0.3088942307692308 0.026442307692307692 0.03125
0 0.6778846153846154 0.19471153846153846 0.028996394230769232 0.023888221153846152
0 0.4326923076923077 0.1346153846153846 0.01953125 0.029146634615384616
0 0.609375 0.040865384615384616 0.021634615384615384 0.03395432692307692
0 0.7572115384615384 0.009615384615384616 0.03350360576923077 0.014423076923076924
2 0.24278846153846154 0.26322115384615385 0.009765625 0.021784855769230768
2 0.5252403846153846 0.21634615384615385 0.026442307692307692 0.027644230769230768
2 0.7235576923076923 0.5036057692307693 0.032602163461538464 0.03125
2 0.7992788461538461 0.6153846153846154 0.021634615384615384 0.020432692307692308
2 0.16346153846153846 0.9435096153846154 0.015174278846153846 0.016075721153846152