0 0.5144230769230769 0.8209134615384616 0.061598557692307696 0.06084735576923077
0 0.7920673076923077 0.8149038461538461 0.03635817307692308 0.05318509615384615
0 0.5901442307692307 0.3329326923076923 0.027193509615384616 0.027043269230769232
0 0.6899038461538461 0.21153846153846154 0.03275240384615385 0.02989783653846154
0 0.4387019230769231 0.14543269230769232 0.021634615384615384 0.028846153846153848
0 0.6189903846153846 0.05048076923076923 0.030498798076923076 0.029296875
0 0.7716346153846154 0.014423076923076924 0.02794471153846154 0.024639423076923076
2 0.2439903846153846 0.2776442307692308 0.01201923076923077 0.019230769230769232
2 0.5348557692307693 0.23557692307692307 0.019230769230769232 0.028846153846153848
2 0.7355769230769231 0.5372596153846154 0.009915865384615384 0.04567307692307692
2 0.8137019230769231 0.6550480769230769 0.026141826923076924 0.021935096153846152