0 0.5096153846153846 0.8557692307692307 0.05784254807692308 0.0625
0 0.796875 0.8461538461538461 0.046274038461538464 0.04762620192307692
0 0.5865384615384616 0.3485576923076923 0.028996394230769232 0.02869591346153846
0 0.6862980769230769 0.22596153846153846 0.03125 0.023888221153846152
0 0.4338942307692308 0.15985576923076922 0.027043269230769232 0.027043269230769232
0 0.6177884615384616 0.06009615384615385 0.02403846153846154 0.03365384615384615
0 0.7716346153846154 0.02403846153846154 0.034254807692307696 0.019230769230769232
2 0.23677884615384615 0.296875 0.015925480769230768 0.01622596153846154
2 0.5300480769230769 0.24879807692307693 0.02403846153846154 0.02403846153846154
2 0.734375 0.5637019230769231 0.030498798076923076 0.03064903846153846
2 0.8161057692307693 0.6790865384615384 0.021634615384615384 0.021484375
2 0.5072115384615384 0.3786057692307692 0.014723557692307692 0.021334134615384616