0 0.5096153846153846 0.9495192307692307 0.0635516826923077 0.06625600961538461
0 0.8088942307692307 0.9338942307692307 0.04957932692307692 0.04807692307692308
0 0.5865384615384616 0.390625 0.033203125 0.03170072115384615
0 0.6899038461538461 0.25841346153846156 0.03275240384615385 0.03125
0 0.43028846153846156 0.19110576923076922 0.02403846153846154 0.03365384615384615
0 0.6189903846153846 0.08533653846153846 0.031099759615384616 0.031400240384615384
0 0.7752403846153846 0.04447115384615385 0.025841346153846152 0.025841346153846152
2 0.22355769230769232 0.33653846153846156 0.014122596153846154 0.019230769230769232
2 0.5276442307692307 0.2860576923076923 0.019230769230769232 0.033353365384615384
2 0.7451923076923077 0.6237980769230769 0.034254807692307696 0.035757211538461536
2 0.828125 0.7536057692307693 0.026292067307692308 0.021784855769230768
2 0.5072115384615384 0.42427884615384615 0.014423076923076924 0.019230769230769232