0 0.7752403846153846 0.27283653846153844 0.05543870192307692 0.05513822115384615
0 0.6838942307692307 0.08052884615384616 0.06505408653846154 0.050631009615384616
0 0.7403846153846154 0.04807692307692308 0.047475961538461536 0.047776442307692304
2 0.39663461538461536 0.8966346153846154 0.0234375 0.019230769230769232
2 0.5973557692307693 0.8653846153846154 0.026292067307692308 0.04326923076923077
2 0.6706730769230769 0.8473557692307693 0.029146634615384616 0.028846153846153848
2 0.71875 0.3918269230769231 0.1583533653846154 0.15865384615384615
2 0.875 0.5036057692307693 0.07737379807692307 0.07887620192307693
2 0.47836538461538464 0.21514423076923078 0.04296875 0.03125
2 0.6310096153846154 0.24639423076923078 0.016676682692307692 0.019230769230769232
2 0.9807692307692307 0.07451923076923077 0.03395432692307692 0.057992788461538464
2 0.8894230769230769 0.7560096153846154 0.062349759615384616 0.228515625