0 0.7752403846153846 0.27283653846153844 0.05543870192307692 0.05513822115384615
0 0.6838942307692307 0.08052884615384616 0.05904447115384615 0.05904447115384615
0 0.7403846153846154 0.04807692307692308 0.047776442307692304 0.047926682692307696
2 0.39663461538461536 0.8966346153846154 0.023737980769230768 0.019230769230769232
2 0.5973557692307693 0.8653846153846154 0.035306490384615384 0.034254807692307696
2 0.6706730769230769 0.8473557692307693 0.029146634615384616 0.028846153846153848
2 0.71875 0.3918269230769231 0.16331129807692307 0.15384615384615385
2 0.875 0.5036057692307693 0.10081129807692307 0.05543870192307692
2 0.47836538461538464 0.21514423076923078 0.03485576923076923 0.03665865384615385
2 0.6310096153846154 0.24639423076923078 0.017127403846153848 0.017427884615384616
2 0.9783653846153846 0.0733173076923077 0.04326923076923077 0.04567307692307692
2 0.8894230769230769 0.7560096153846154 0.06219951923076923 0.2286658653846154