0 0.7764423076923077 0.27524038461538464 0.057542067307692304 0.05513822115384615
0 0.6838942307692307 0.08052884615384616 0.055739182692307696 0.05588942307692308
0 0.7379807692307693 0.046875 0.04371995192307692 0.044921875
2 0.39663461538461536 0.8966346153846154 0.023737980769230768 0.019230769230769232
2 0.5973557692307693 0.8653846153846154 0.035306490384615384 0.034254807692307696
2 0.6706730769230769 0.8473557692307693 0.029447115384615384 0.028846153846153848
2 0.71875 0.3918269230769231 0.16331129807692307 0.15384615384615385
2 0.875 0.5036057692307693 0.1006610576923077 0.055588942307692304
2 0.47836538461538464 0.21514423076923078 0.04296875 0.03125
2 0.6310096153846154 0.24639423076923078 0.017277644230769232 0.017427884615384616
2 0.9807692307692307 0.07451923076923077 0.033804086538461536 0.05784254807692308
2 0.8894230769230769 0.7560096153846154 0.1446814903846154 0.14618389423076922