0 0.7764423076923077 0.27524038461538464 0.056790865384615384 0.055588942307692304
0 0.6838942307692307 0.08052884615384616 0.055739182692307696 0.05588942307692308
0 0.7379807692307693 0.046875 0.04371995192307692 0.044921875
2 0.39663461538461536 0.8966346153846154 0.02013221153846154 0.02283653846153846
2 0.5973557692307693 0.8653846153846154 0.035306490384615384 0.034254807692307696
2 0.6706730769230769 0.8473557692307693 0.029447115384615384 0.028846153846153848
2 0.71875 0.3918269230769231 0.16316105769230768 0.15384615384615385
2 0.875 0.5036057692307693 0.0772235576923077 0.0790264423076923
2 0.47836538461538464 0.21514423076923078 0.03756009615384615 0.03665865384615385
2 0.6310096153846154 0.24639423076923078 0.016676682692307692 0.019230769230769232
2 0.9807692307692307 0.07451923076923077 0.03395432692307692 0.057992788461538464
2 0.8894230769230769 0.7560096153846154 0.062349759615384616 0.228515625