0 0.7764423076923077 0.27524038461538464 0.05694110576923077 0.055739182692307696
0 0.6862980769230769 0.08173076923076923 0.055288461538461536 0.05709134615384615
0 0.7391826923076923 0.04807692307692308 0.052884615384615384 0.03831129807692308
2 0.39663461538461536 0.8966346153846154 0.019831730769230768 0.02283653846153846
2 0.5973557692307693 0.8653846153846154 0.035306490384615384 0.034254807692307696
2 0.6706730769230769 0.8473557692307693 0.014723557692307692 0.04326923076923077
2 0.71875 0.3918269230769231 0.15850360576923078 0.15865384615384615
2 0.875 0.5036057692307693 0.0772235576923077 0.0790264423076923
2 0.47836538461538464 0.21514423076923078 0.03756009615384615 0.03665865384615385
2 0.6310096153846154 0.24639423076923078 0.016676682692307692 0.019230769230769232
2 0.9783653846153846 0.0733173076923077 0.04326923076923077 0.04567307692307692
2 0.8894230769230769 0.7560096153846154 0.062349759615384616 0.228515625