0 0.7752403846153846 0.2776442307692308 0.055288461538461536 0.05498798076923077
0 0.6862980769230769 0.0829326923076923 0.05588942307692308 0.05588942307692308
0 0.7379807692307693 0.04807692307692308 0.03951322115384615 0.039663461538461536
2 0.39903846153846156 0.8990384615384616 0.024188701923076924 0.023888221153846152
2 0.5985576923076923 0.8677884615384616 0.03876201923076923 0.038161057692307696
2 0.6706730769230769 0.8509615384615384 0.03740985576923077 0.03470552884615385
2 0.7151442307692307 0.3894230769230769 0.15159254807692307 0.14918870192307693
2 0.8629807692307693 0.5048076923076923 0.06625600961538461 0.0635516826923077
2 0.47596153846153844 0.21514423076923078 0.028996394230769232 0.026592548076923076
2 0.9783653846153846 0.07692307692307693 0.04326923076923077 0.04807692307692308
2 0.8894230769230769 0.7548076923076923 0.14528245192307693 0.14543269230769232