0 0.7788461538461539 0.2860576923076923 0.053786057692307696 0.05393629807692308
0 0.6838942307692307 0.09014423076923077 0.059495192307692304 0.05934495192307692
0 0.7415865384615384 0.056490384615384616 0.04807692307692308 0.03365384615384615
2 0.39903846153846156 0.9194711538461539 0.028245192307692308 0.03125
2 0.6033653846153846 0.8942307692307693 0.019230769230769232 0.038161057692307696
2 0.6754807692307693 0.8810096153846154 0.014573317307692308 0.036207932692307696
2 0.7367788461538461 0.41947115384615385 0.13762019230769232 0.13731971153846154
2 0.8786057692307693 0.5204326923076923 0.09840745192307693 0.0625
2 0.4807692307692308 0.2247596153846154 0.03786057692307692 0.026141826923076924
2 0.9783653846153846 0.08413461538461539 0.04326923076923077 0.04326923076923077
2 0.8894230769230769 0.7620192307692307 0.13040865384615385 0.1310096153846154