0 0.7788461538461539 0.2860576923076923 0.05739182692307692 0.052734375
0 0.6838942307692307 0.09014423076923077 0.0625 0.05513822115384615
0 0.7415865384615384 0.056490384615384616 0.040865384615384616 0.040865384615384616
2 0.39903846153846156 0.9194711538461539 0.028846153846153848 0.03064903846153846
2 0.6033653846153846 0.8942307692307693 0.019230769230769232 0.03831129807692308
2 0.6754807692307693 0.8810096153846154 0.02478966346153846 0.02599158653846154
2 0.7367788461538461 0.41947115384615385 0.13942307692307693 0.1368689903846154
2 0.8786057692307693 0.5204326923076923 0.09825721153846154 0.0625
2 0.4807692307692308 0.2247596153846154 0.038161057692307696 0.026292067307692308
2 0.9783653846153846 0.08413461538461539 0.04326923076923077 0.04326923076923077
2 0.8894230769230769 0.7620192307692307 0.13040865384615385 0.1310096153846154