0 0.7776442307692307 0.31850961538461536 0.057692307692307696 0.05513822115384615
0 0.6814903846153846 0.109375 0.0625 0.050631009615384616
0 0.7379807692307693 0.07451923076923077 0.043118990384615384 0.04341947115384615
2 0.5961538461538461 0.9795673076923077 0.019230769230769232 0.040865384615384616
2 0.6778846153846154 0.9651442307692307 0.03395432692307692 0.03560697115384615
2 0.890625 0.7932692307692307 0.036207932692307696 0.15384615384615385
2 0.9254807692307693 0.9435096153846154 0.033353365384615384 0.10817307692307693
2 0.7307692307692307 0.4579326923076923 0.13040865384615385 0.13176081730769232
2 0.8762019230769231 0.5685096153846154 0.06971153846153846 0.0694110576923077
2 0.46875 0.25841346153846156 0.03831129807692308 0.028846153846153848
2 0.9855769230769231 0.10216346153846154 0.02869591346153846 0.059945913461538464