0 0.7776442307692307 0.31850961538461536 0.057692307692307696 0.05498798076923077
0 0.6814903846153846 0.109375 0.05588942307692308 0.05618990384615385
0 0.7379807692307693 0.07451923076923077 0.043118990384615384 0.04341947115384615
2 0.5961538461538461 0.9795673076923077 0.029447115384615384 0.03064903846153846
2 0.6778846153846154 0.9651442307692307 0.01893028846153846 0.050631009615384616
2 0.890625 0.7932692307692307 0.0946514423076923 0.09555288461538461
2 0.9254807692307693 0.9435096153846154 0.0712139423076923 0.0703125
2 0.7307692307692307 0.4579326923076923 0.12980769230769232 0.13236177884615385
2 0.8762019230769231 0.5685096153846154 0.08413461538461539 0.05513822115384615
2 0.46875 0.25841346153846156 0.03831129807692308 0.028846153846153848
2 0.9855769230769231 0.10216346153846154 0.02869591346153846 0.059945913461538464