0 0.7632211538461539 0.47115384615384615 0.06971153846153846 0.068359375
0 0.6394230769230769 0.2127403846153846 0.06760817307692307 0.059945913461538464
0 0.6995192307692307 0.15865384615384615 0.051682692307692304 0.04912860576923077
2 0.8245192307692307 0.007211538461538462 0.014423076923076924 0.009765625
2 0.7247596153846154 0.6670673076923077 0.1756310096153846 0.17533052884615385
2 0.8786057692307693 0.7956730769230769 0.0694110576923077 0.05228365384615385
2 0.5889423076923077 0.45072115384615385 0.019230769230769232 0.019230769230769232
2 0.4026442307692308 0.4182692307692308 0.04326923076923077 0.029146634615384616
2 0.9747596153846154 0.17548076923076922 0.045973557692307696 0.07241586538461539
2 0.4807692307692308 0.24879807692307693 0.009915865384615384 0.019230769230769232
2 0.453125 0.21634615384615385 0.019230769230769232 0.01953125
2 0.39302884615384615 0.21875 0.016826923076923076 0.024188701923076924