0 0.7632211538461539 0.47115384615384615 0.06971153846153846 0.06820913461538461
0 0.6394230769230769 0.2127403846153846 0.06760817307692307 0.059945913461538464
0 0.6995192307692307 0.15865384615384615 0.057692307692307696 0.043118990384615384
2 0.8245192307692307 0.007211538461538462 0.013221153846153846 0.013521634615384616
2 0.7247596153846154 0.6670673076923077 0.17082331730769232 0.18013822115384615
2 0.8786057692307693 0.7956730769230769 0.060546875 0.061598557692307696
2 0.5889423076923077 0.45072115384615385 0.019230769230769232 0.019230769230769232
2 0.4026442307692308 0.4182692307692308 0.04326923076923077 0.029146634615384616
2 0.9747596153846154 0.17548076923076922 0.045823317307692304 0.072265625
2 0.4807692307692308 0.24879807692307693 0.014723557692307692 0.014423076923076924
2 0.453125 0.21634615384615385 0.019230769230769232 0.019381009615384616
2 0.39302884615384615 0.21875 0.016826923076923076 0.024338942307692308