0 0.765625 0.4951923076923077 0.06956129807692307 0.0674579326923077
0 0.6394230769230769 0.22956730769230768 0.06640625 0.06490384615384616
0 0.6971153846153846 0.17067307692307693 0.051832932692307696 0.04912860576923077
2 0.8221153846153846 0.013221153846153846 0.01953125 0.021784855769230768
2 0.7247596153846154 0.6971153846153846 0.16826923076923078 0.18239182692307693
2 0.8810096153846154 0.8293269230769231 0.06460336538461539 0.043870192307692304
2 0.4014423076923077 0.4411057692307692 0.03951322115384615 0.040865384615384616
2 0.5588942307692307 0.4423076923076923 0.011868990384615384 0.019230769230769232
2 0.5865384615384616 0.4723557692307692 0.018629807692307692 0.019230769230769232
2 0.9747596153846154 0.18629807692307693 0.05048076923076923 0.055288461538461536
2 0.44711538461538464 0.2283653846153846 0.023137019230769232 0.020282451923076924
2 0.47836538461538464 0.265625 0.015024038461538462 0.016826923076923076
2 0.38822115384615385 0.23677884615384615 0.019230769230769232 0.020733173076923076