0 0.7716346153846154 0.5204326923076923 0.07241586538461539 0.07391826923076923
0 0.6430288461538461 0.24519230769230768 0.07436899038461539 0.057992788461538464
0 0.7019230769230769 0.18389423076923078 0.04927884615384615 0.05048076923076923
2 0.8269230769230769 0.016826923076923076 0.01953125 0.028846153846153848
2 0.7355769230769231 0.7403846153846154 0.1681189903846154 0.18299278846153846
2 0.40024038461538464 0.46634615384615385 0.04326923076923077 0.03365384615384615
2 0.9819711538461539 0.20552884615384615 0.036057692307692304 0.07451923076923077
2 0.5612980769230769 0.4699519230769231 0.009615384615384616 0.019230769230769232
2 0.5877403846153846 0.5 0.02088341346153846 0.019981971153846152
2 0.3870192307692308 0.25240384615384615 0.018329326923076924 0.01817908653846154
2 0.453125 0.24879807692307693 0.016676682692307692 0.019230769230769232