0 0.7716346153846154 0.5204326923076923 0.07151442307692307 0.07451923076923077
0 0.6430288461538461 0.24519230769230768 0.07421875 0.05829326923076923
0 0.7019230769230769 0.18389423076923078 0.04927884615384615 0.05048076923076923
2 0.8269230769230769 0.016826923076923076 0.019381009615384616 0.028846153846153848
2 0.7355769230769231 0.7403846153846154 0.1681189903846154 0.18299278846153846
2 0.40024038461538464 0.46634615384615385 0.04326923076923077 0.03365384615384615
2 0.9819711538461539 0.20552884615384615 0.036057692307692304 0.07451923076923077
2 0.5612980769230769 0.4699519230769231 0.014423076923076924 0.014423076923076924
2 0.5877403846153846 0.5 0.02088341346153846 0.019981971153846152
2 0.3870192307692308 0.25240384615384615 0.015024038461538462 0.01953125
2 0.453125 0.24879807692307693 0.017127403846153848 0.017427884615384616