0 0.7800480769230769 0.5528846153846154 0.07211538461538461 0.08173076923076923
0 0.6478365384615384 0.2668269230769231 0.06971153846153846 0.07091346153846154
0 0.7067307692307693 0.20552884615384615 0.05393629807692308 0.055288461538461536
2 0.8317307692307693 0.025240384615384616 0.028545673076923076 0.027193509615384616
2 0.9795673076923077 0.21754807692307693 0.040865384615384616 0.05048076923076923
2 0.7283653846153846 0.7632211538461539 0.17818509615384615 0.1796875
2 0.8966346153846154 0.9182692307692307 0.057992788461538464 0.04326923076923077
2 0.39903846153846156 0.4951923076923077 0.047776442307692304 0.03861177884615385
2 0.38461538461538464 0.27283653846153844 0.024338942307692308 0.02403846153846154
2 0.44711538461538464 0.2668269230769231 0.024338942307692308 0.024338942307692308
2 0.5637019230769231 0.49399038461538464 0.01201923076923077 0.021334134615384616
2 0.59375 0.5300480769230769 0.019230769230769232 0.019230769230769232
2 0.9182692307692307 0.006009615384615385 0.010216346153846154 0.007512019230769231