0 0.7908653846153846 0.6286057692307693 0.07241586538461539 0.08428485576923077
0 0.6490384615384616 0.3161057692307692 0.07752403846153846 0.0625
0 0.7115384615384616 0.24759615384615385 0.051832932692307696 0.05198317307692308
0 0.6514423076923077 0.02403846153846154 0.033353365384615384 0.023888221153846152
2 0.8401442307692307 0.05889423076923077 0.02403846153846154 0.036207932692307696
2 0.9254807692307693 0.03125 0.014122596153846154 0.014122596153846154
2 0.6995192307692307 0.8305288461538461 0.09630408653846154 0.1368689903846154
2 0.390625 0.5649038461538461 0.041616586538461536 0.04251802884615385
2 0.5637019230769231 0.5661057692307693 0.01171875 0.021935096153846152
2 0.5925480769230769 0.5997596153846154 0.021033653846153848 0.020733173076923076
2 0.44350961538461536 0.3161057692307692 0.02088341346153846 0.021033653846153848
2 0.3786057692307692 0.3233173076923077 0.02403846153846154 0.02403846153846154
2 0.47475961538461536 0.3557692307692308 0.014423076923076924 0.024188701923076924
2 0.9891826923076923 0.24519230769230768 0.021634615384615384 0.028846153846153848