0 0.7992788461538461 0.6646634615384616 0.08353365384615384 0.08338341346153846
0 0.6538461538461539 0.3401442307692308 0.07301682692307693 0.07376802884615384
0 0.7151442307692307 0.26802884615384615 0.05979567307692308 0.04807692307692308
0 0.6574519230769231 0.039663461538461536 0.026592548076923076 0.021484375
2 0.8497596153846154 0.07572115384615384 0.021634615384615384 0.03590745192307692
2 0.8713942307692307 0.1201923076923077 0.01201923076923077 0.019230769230769232
2 0.9387019230769231 0.046875 0.012620192307692308 0.012620192307692308
2 0.7139423076923077 0.8882211538461539 0.10576923076923077 0.15159254807692307
2 0.5949519230769231 0.6394230769230769 0.02403846153846154 0.024188701923076924
2 0.5673076923076923 0.5997596153846154 0.010216346153846154 0.021334134615384616
2 0.390625 0.5985576923076923 0.045072115384615384 0.044020432692307696
2 0.44471153846153844 0.3389423076923077 0.024338942307692308 0.023737980769230768
2 0.47475961538461536 0.3798076923076923 0.01201923076923077 0.019230769230769232
2 0.3786057692307692 0.34375 0.019230769230769232 0.024188701923076924