0 0.7992788461538461 0.6646634615384616 0.07692307692307693 0.0887920673076923
0 0.6538461538461539 0.3401442307692308 0.0772235576923077 0.06956129807692307
0 0.7151442307692307 0.26802884615384615 0.05438701923076923 0.0546875
0 0.6574519230769231 0.039663461538461536 0.025390625 0.022686298076923076
2 0.8497596153846154 0.07572115384615384 0.028846153846153848 0.027493990384615384
2 0.8713942307692307 0.1201923076923077 0.01622596153846154 0.015024038461538462
2 0.9387019230769231 0.046875 0.01201923076923077 0.014423076923076924
2 0.7139423076923077 0.8882211538461539 0.10576923076923077 0.15159254807692307
2 0.5949519230769231 0.6394230769230769 0.02403846153846154 0.024188701923076924
2 0.5673076923076923 0.5997596153846154 0.01532451923076923 0.016075721153846152
2 0.390625 0.5985576923076923 0.05048076923076923 0.03861177884615385
2 0.44471153846153844 0.3389423076923077 0.019381009615384616 0.02869591346153846
2 0.47475961538461536 0.3798076923076923 0.01622596153846154 0.015024038461538462
2 0.3786057692307692 0.34375 0.021634615384615384 0.022986778846153848