0 0.7932692307692307 0.7091346153846154 0.07692307692307693 0.09194711538461539
0 0.6442307692307693 0.3713942307692308 0.08173076923076923 0.0694110576923077
0 0.7043269230769231 0.296875 0.05784254807692308 0.04326923076923077
0 0.6454326923076923 0.057692307692307696 0.026592548076923076 0.023888221153846152
2 0.9278846153846154 0.06370192307692307 0.018780048076923076 0.017578125
2 0.8377403846153846 0.08774038461538461 0.028846153846153848 0.030198317307692308
2 0.6983173076923077 0.9375 0.10396634615384616 0.10516826923076923
2 0.3713942307692308 0.6514423076923077 0.05123197115384615 0.05228365384615385
2 0.5552884615384616 0.6502403846153846 0.019831730769230768 0.02088341346153846
2 0.5865384615384616 0.6887019230769231 0.02478966346153846 0.025841346153846152
2 0.36177884615384615 0.3786057692307692 0.027493990384615384 0.027493990384615384
2 0.9939903846153846 0.2776442307692308 0.01201923076923077 0.028846153846153848