0 0.7800480769230769 0.7355769230769231 0.07932692307692307 0.10081129807692307
0 0.6201923076923077 0.3942307692307692 0.07692307692307693 0.0770733173076923
0 0.6838942307692307 0.3112980769230769 0.0673076923076923 0.04807692307692308
0 0.6153846153846154 0.06610576923076923 0.02794471153846154 0.02734375
2 0.8088942307692307 0.09495192307692307 0.016526442307692308 0.02674278846153846
2 0.8966346153846154 0.06009615384615385 0.014573317307692308 0.014723557692307692
2 0.6658653846153846 0.9459134615384616 0.0673076923076923 0.0987079326923077
2 0.3485576923076923 0.6911057692307693 0.048677884615384616 0.049879807692307696
2 0.5348557692307693 0.6838942307692307 0.021033653846153848 0.021183894230769232
2 0.5697115384615384 0.7223557692307693 0.0234375 0.02208533653846154
2 0.3317307692307692 0.4110576923076923 0.027794471153846152 0.024939903846153848
2 0.9771634615384616 0.3161057692307692 0.04567307692307692 0.06009615384615385