0 0.7800480769230769 0.7355769230769231 0.08954326923076923 0.09059495192307693
0 0.6201923076923077 0.3942307692307692 0.07692307692307693 0.0770733173076923
0 0.6838942307692307 0.3112980769230769 0.0673076923076923 0.04807692307692308
0 0.6153846153846154 0.06610576923076923 0.028094951923076924 0.027193509615384616
2 0.8088942307692307 0.09495192307692307 0.016676682692307692 0.026592548076923076
2 0.8966346153846154 0.06009615384615385 0.014723557692307692 0.015024038461538462
2 0.6658653846153846 0.9459134615384616 0.0673076923076923 0.0987079326923077
2 0.3485576923076923 0.6911057692307693 0.052884615384615384 0.04567307692307692
2 0.5348557692307693 0.6838942307692307 0.014423076923076924 0.026592548076923076
2 0.5697115384615384 0.7223557692307693 0.019230769230769232 0.026141826923076924
2 0.3317307692307692 0.4110576923076923 0.019381009615384616 0.033353365384615384
2 0.9771634615384616 0.3161057692307692 0.04567307692307692 0.06009615384615385