0 0.765625 0.765625 0.09375 0.09375
0 0.5949519230769231 0.4182692307692308 0.07872596153846154 0.07752403846153846
0 0.6538461538461539 0.3269230769230769 0.052734375 0.052734375
0 0.5805288461538461 0.07572115384615384 0.026592548076923076 0.026592548076923076
2 0.7776442307692307 0.10096153846153846 0.02403846153846154 0.029146634615384616
2 0.8641826923076923 0.06370192307692307 0.016676682692307692 0.019230769230769232
2 0.6358173076923077 0.9651442307692307 0.036207932692307696 0.06505408653846154
2 0.31971153846153844 0.7403846153846154 0.04447115384615385 0.046875
2 0.5144230769230769 0.7211538461538461 0.01893028846153846 0.024188701923076924
2 0.5504807692307693 0.7620192307692307 0.023737980769230768 0.024188701923076924
2 0.9651442307692307 0.31850961538461536 0.050631009615384616 0.09134615384615384