0 0.765625 0.765625 0.09375 0.09375
0 0.5949519230769231 0.4182692307692308 0.07872596153846154 0.07752403846153846
0 0.6538461538461539 0.3269230769230769 0.062349759615384616 0.043118990384615384
0 0.5805288461538461 0.07572115384615384 0.026592548076923076 0.026592548076923076
2 0.7776442307692307 0.10096153846153846 0.02403846153846154 0.029146634615384616
2 0.8641826923076923 0.06370192307692307 0.017277644230769232 0.017427884615384616
2 0.6358173076923077 0.9651442307692307 0.050631009615384616 0.050631009615384616
2 0.31971153846153844 0.7403846153846154 0.04447115384615385 0.046875
2 0.5144230769230769 0.7211538461538461 0.02013221153846154 0.022986778846153848
2 0.5504807692307693 0.7620192307692307 0.0234375 0.024338942307692308
2 0.9651442307692307 0.31850961538461536 0.05078125 0.09134615384615384