0 0.7560096153846154 0.8016826923076923 0.08653846153846154 0.11298076923076923
0 0.5721153846153846 0.4423076923076923 0.08623798076923077 0.08173076923076923
0 0.6358173076923077 0.34615384615384615 0.05934495192307692 0.05859375
0 0.5504807692307693 0.0889423076923077 0.032602163461538464 0.029747596153846152
2 0.4963942307692308 0.5973557692307693 0.021484375 0.021484375
2 0.6286057692307693 0.4639423076923077 0.016826923076923076 0.015625
2 0.75 0.10817307692307693 0.03395432692307692 0.03350360576923077
2 0.7740384615384616 0.15504807692307693 0.018629807692307692 0.017578125
2 0.8341346153846154 0.07091346153846154 0.014723557692307692 0.021484375
2 0.3004807692307692 0.796875 0.048677884615384616 0.049729567307692304
2 0.4987980769230769 0.7668269230769231 0.020733173076923076 0.02013221153846154
2 0.5372596153846154 0.8052884615384616 0.019230769230769232 0.019230769230769232
2 0.9423076923076923 0.3317307692307692 0.07196514423076923 0.072265625