0 0.7512019230769231 0.8557692307692307 0.107421875 0.1063701923076923
0 0.5588942307692307 0.47475961538461536 0.08413461538461539 0.083984375
0 0.6177884615384616 0.37259615384615385 0.08653846153846154 0.05303485576923077
0 0.5324519230769231 0.10817307692307693 0.03155048076923077 0.03365384615384615
2 0.4831730769230769 0.6418269230769231 0.01953125 0.024338942307692308
2 0.6189903846153846 0.4951923076923077 0.017427884615384616 0.018329326923076924
2 0.7608173076923077 0.16826923076923078 0.02088341346153846 0.019981971153846152
2 0.7367788461538461 0.12860576923076922 0.031099759615384616 0.04807692307692308
2 0.8185096153846154 0.08173076923076923 0.017427884615384616 0.018479567307692308
2 0.2848557692307692 0.8641826923076923 0.060396634615384616 0.04567307692307692
2 0.49038461538461536 0.8233173076923077 0.023737980769230768 0.02403846153846154
2 0.9350961538461539 0.35096153846153844 0.07692307692307693 0.07662259615384616