0 0.7512019230769231 0.8557692307692307 0.10727163461538461 0.1063701923076923
0 0.5588942307692307 0.47475961538461536 0.08413461538461539 0.083984375
0 0.6177884615384616 0.37259615384615385 0.07091346153846154 0.0712139423076923
0 0.5324519230769231 0.10817307692307693 0.031400240384615384 0.03365384615384615
2 0.4831730769230769 0.6418269230769231 0.019381009615384616 0.024188701923076924
2 0.6189903846153846 0.4951923076923077 0.017427884615384616 0.018479567307692308
2 0.7608173076923077 0.16826923076923078 0.016676682692307692 0.024188701923076924
2 0.7367788461538461 0.12860576923076922 0.031099759615384616 0.04807692307692308
2 0.8185096153846154 0.08173076923076923 0.01201923076923077 0.023888221153846152
2 0.2848557692307692 0.8641826923076923 0.05423677884615385 0.052884615384615384
2 0.49038461538461536 0.8233173076923077 0.0234375 0.02403846153846154
2 0.9350961538461539 0.35096153846153844 0.057692307692307696 0.09585336538461539