0 0.7776442307692307 0.984375 0.035757211538461536 0.03125
0 0.5588942307692307 0.5901442307692307 0.09134615384615384 0.0926983173076923
0 0.6213942307692307 0.4651442307692308 0.083984375 0.06009615384615385
0 0.5276442307692307 0.1658653846153846 0.03545673076923077 0.03395432692307692
0 0.3245192307692308 0.037259615384615384 0.04251802884615385 0.041616586538461536
0 0.6141826923076923 0.019230769230769232 0.040865384615384616 0.038461538461538464
2 0.6213942307692307 0.6117788461538461 0.016526442307692308 0.03125
2 0.7716346153846154 0.23317307692307693 0.01953125 0.019381009615384616
2 0.7379807692307693 0.18269230769230768 0.024188701923076924 0.04326923076923077
2 0.8305288461538461 0.13581730769230768 0.01171875 0.016826923076923076
2 0.21875 0.6502403846153846 0.028245192307692308 0.028846153846153848
2 0.3088942307692308 0.6334134615384616 0.019230769230769232 0.026292067307692308
2 0.3473557692307692 0.6875 0.021634615384615384 0.022986778846153848
2 0.9579326923076923 0.4411057692307692 0.08413461538461539 0.08413461538461539
2 0.7271634615384616 0.01201923076923077 0.012319711538461538 0.013221153846153846