0 0.7776442307692307 0.984375 0.035757211538461536 0.03125
0 0.5588942307692307 0.5901442307692307 0.09134615384615384 0.0926983173076923
0 0.6213942307692307 0.4651442307692308 0.07076322115384616 0.07211538461538461
0 0.5276442307692307 0.1658653846153846 0.036057692307692304 0.033353365384615384
0 0.3245192307692308 0.037259615384615384 0.047926682692307696 0.036207932692307696
0 0.6153846153846154 0.019230769230769232 0.052584134615384616 0.029447115384615384
2 0.6213942307692307 0.6117788461538461 0.016676682692307692 0.03125
2 0.7716346153846154 0.23317307692307693 0.014723557692307692 0.024188701923076924
2 0.7379807692307693 0.18269230769230768 0.024188701923076924 0.04326923076923077
2 0.8305288461538461 0.13581730769230768 0.011868990384615384 0.016826923076923076
2 0.21875 0.6502403846153846 0.023737980769230768 0.03365384615384615
2 0.3088942307692308 0.6334134615384616 0.022235576923076924 0.021935096153846152
2 0.3473557692307692 0.6875 0.019230769230769232 0.024188701923076924
2 0.9579326923076923 0.4411057692307692 0.08413461538461539 0.08413461538461539
2 0.7271634615384616 0.01201923076923077 0.012319711538461538 0.013221153846153846