0 0.5576923076923077 0.6430288461538461 0.095703125 0.09435096153846154
0 0.625 0.5108173076923077 0.07211538461538461 0.05513822115384615
0 0.5240384615384616 0.19110576923076922 0.034104567307692304 0.035306490384615384
0 0.31850961538461536 0.056490384615384616 0.045823317307692304 0.036207932692307696
0 0.6081730769230769 0.036057692307692304 0.04326923076923077 0.033353365384615384
2 0.6274038461538461 0.6646634615384616 0.023137019230769232 0.021634615384615384
2 0.7752403846153846 0.26322115384615385 0.028846153846153848 0.027493990384615384
2 0.7439903846153846 0.20673076923076922 0.03125 0.04807692307692308
2 0.8365384615384616 0.15865384615384615 0.014723557692307692 0.014122596153846154
2 0.20673076923076922 0.6442307692307693 0.028996394230769232 0.028996394230769232
2 0.21153846153846154 0.7067307692307693 0.029146634615384616 0.029146634615384616
2 0.9651442307692307 0.47836538461538464 0.06971153846153846 0.08173076923076923
2 0.7319711538461539 0.030048076923076924 0.014423076923076924 0.014423076923076924
2 0.6850961538461539 0.1141826923076923 0.009765625 0.021484375
2 0.7199519230769231 0.15985576923076922 0.01171875 0.021334134615384616
2 0.9302884615384616 0.15264423076923078 0.009765625 0.019230769230769232