0 0.5588942307692307 0.7439903846153846 0.0985576923076923 0.09885817307692307
0 0.625 0.5889423076923077 0.07602163461538461 0.07271634615384616
0 0.5252403846153846 0.24158653846153846 0.03064903846153846 0.03064903846153846
0 0.30649038461538464 0.09975961538461539 0.04326923076923077 0.036207932692307696
0 0.6117788461538461 0.07451923076923077 0.03200120192307692 0.033203125
2 0.47115384615384615 0.9723557692307693 0.014423076923076924 0.026292067307692308
2 0.6310096153846154 0.7608173076923077 0.014423076923076924 0.026292067307692308
2 0.7848557692307693 0.3161057692307692 0.025841346153846152 0.025841346153846152
2 0.75 0.25961538461538464 0.047025240384615384 0.044320913461538464
2 0.8473557692307693 0.20432692307692307 0.017127403846153848 0.01893028846153846
2 0.32211538461538464 0.8449519230769231 0.029747596153846152 0.030348557692307692
2 0.3557692307692308 0.6670673076923077 0.009765625 0.026292067307692308
2 0.28365384615384615 0.78125 0.02403846153846154 0.024338942307692308
2 0.9699519230769231 0.5396634615384616 0.06009615384615385 0.07451923076923077
2 0.1875 0.8064903846153846 0.03275240384615385 0.032151442307692304
2 0.1875 0.734375 0.03831129807692308 0.03125
2 0.7331730769230769 0.06610576923076923 0.009765625 0.019230769230769232
2 0.9435096153846154 0.1971153846153846 0.01622596153846154 0.015024038461538462