0 0.5661057692307693 0.8317307692307693 0.10576923076923077 0.11057692307692307
0 0.6334134615384616 0.6610576923076923 0.09405048076923077 0.06760817307692307
0 0.5288461538461539 0.28365384615384615 0.03350360576923077 0.028846153846153848
0 0.30649038461538464 0.12860576923076922 0.04326923076923077 0.041917067307692304
0 0.6177884615384616 0.10697115384615384 0.034254807692307696 0.035757211538461536
2 0.640625 0.8521634615384616 0.021634615384615384 0.026292067307692308
2 0.31850961538461536 0.9459134615384616 0.027493990384615384 0.030198317307692308
2 0.26802884615384615 0.8665865384615384 0.03545673076923077 0.03545673076923077
2 0.35336538461538464 0.7475961538461539 0.024188701923076924 0.02403846153846154
2 0.8004807692307693 0.3641826923076923 0.0234375 0.02208533653846154
2 0.7620192307692307 0.3016826923076923 0.04762620192307692 0.04612379807692308
2 0.8629807692307693 0.24158653846153846 0.015174278846153846 0.01622596153846154
2 0.17427884615384615 0.8966346153846154 0.03125 0.032602163461538464
2 0.17668269230769232 0.8257211538461539 0.031099759615384616 0.031400240384615384
2 0.7451923076923077 0.09495192307692307 0.013822115384615384 0.01201923076923077
2 0.9627403846153846 0.23317307692307693 0.016826923076923076 0.018329326923076924