0 0.5805288461538461 0.8798076923076923 0.1123798076923077 0.11102764423076923
0 0.6550480769230769 0.7043269230769231 0.08849158653846154 0.0868389423076923
0 0.5528846153846154 0.3088942307692308 0.038161057692307696 0.03365384615384615
0 0.3329326923076923 0.14302884615384615 0.052884615384615384 0.04326923076923077
0 0.6490384615384616 0.12740384615384615 0.052884615384615384 0.028846153846153848
2 0.32572115384615385 0.9867788461538461 0.021634615384615384 0.021634615384615384
2 0.2800480769230769 0.9038461538461539 0.031099759615384616 0.028846153846153848
2 0.1778846153846154 0.8473557692307693 0.029146634615384616 0.030799278846153848
2 0.36538461538461536 0.7800480769230769 0.0234375 0.022235576923076924
2 0.6586538461538461 0.9050480769230769 0.014423076923076924 0.03125
2 0.828125 0.40384615384615385 0.026141826923076924 0.038161057692307696
2 0.7932692307692307 0.3389423076923077 0.03876201923076923 0.06280048076923077
2 0.1814903846153846 0.9290865384615384 0.026292067307692308 0.03365384615384615