0 0.6286057692307693 0.9783653846153846 0.0985576923076923 0.04326923076923077
0 0.734375 0.8401442307692307 0.09375 0.09885817307692307
0 0.6490384615384616 0.37259615384615385 0.039663461538461536 0.03936298076923077
0 0.4362980769230769 0.16826923076923078 0.05979567307692308 0.052584134615384616
0 0.7668269230769231 0.1875 0.06715745192307693 0.03365384615384615
2 0.41586538461538464 0.8617788461538461 0.014723557692307692 0.03125
2 0.3161057692307692 0.9771634615384616 0.03590745192307692 0.04567307692307692
2 0.22115384615384615 0.9002403846153846 0.038161057692307696 0.028846153846153848
2 0.038461538461538464 0.640625 0.019230769230769232 0.019230769230769232
2 0.9483173076923077 0.5204326923076923 0.026141826923076924 0.041165865384615384
2 0.9134615384615384 0.4411057692307692 0.03350360576923077 0.06009615384615385