0 0.6033653846153846 0.9290865384615384 0.0869891826923077 0.08834134615384616
0 0.9543269230769231 0.43028846153846156 0.03350360576923077 0.033804086538461536
0 0.6899038461538461 0.3737980769230769 0.03876201923076923 0.038461538461538464
0 0.9951923076923077 0.171875 0.009615384615384616 0.014423076923076924
2 0.6622596153846154 0.3918269230769231 0.01201923076923077 0.024188701923076924
2 0.10336538461538461 0.2980769230769231 0.019381009615384616 0.019381009615384616
2 0.16105769230769232 0.0733173076923077 0.014723557692307692 0.01622596153846154
2 0.18870192307692307 0.009615384615384616 0.01201923076923077 0.014423076923076924
2 0.9675480769230769 0.6189903846153846 0.021033653846153848 0.02088341346153846
2 0.36899038461538464 0.1935096153846154 0.017427884615384616 0.017277644230769232
2 0.20192307692307693 0.006009615384615385 0.009164663461538462 0.007962740384615384
2 0.4807692307692308 0.02283653846153846 0.02403846153846154 0.028846153846153848