2 0.28725961538461536 0.6971153846153846 0.011868990384615384 0.03861177884615385
2 0.008413461538461538 0.44350961538461536 0.014423076923076924 0.021484375
2 0.05889423076923077 0.3233173076923077 0.012920673076923076 0.014423076923076924
2 0.078125 0.3161057692307692 0.01201923076923077 0.014423076923076924
2 0.23677884615384615 0.39302884615384615 0.015925480769230768 0.01622596153846154
2 0.3786057692307692 0.3245192307692308 0.01201923076923077 0.019230769230769232
2 0.4543269230769231 0.35216346153846156 0.019230769230769232 0.028846153846153848
2 0.43149038461538464 0.5865384615384616 0.009615384615384616 0.019230769230769232
2 0.578125 0.6802884615384616 0.009615384615384616 0.02869591346153846
2 0.6418269230769231 0.20192307692307693 0.01532451923076923 0.01532451923076923
2 0.8305288461538461 0.24759615384615385 0.011868990384615384 0.014723557692307692
2 0.5612980769230769 0.3233173076923077 0.017728365384615384 0.017728365384615384