2 0.5853365384615384 0.9290865384615384 0.021634615384615384 0.021634615384615384
2 0.24639423076923078 0.9507211538461539 0.030348557692307692 0.03064903846153846
2 0.41586538461538464 0.8076923076923077 0.009915865384615384 0.023737980769230768
2 0.19831730769230768 0.5564903846153846 0.01201923076923077 0.021484375
2 0.004807692307692308 0.4651442307692308 0.004957932692307692 0.019230769230769232
2 0.02403846153846154 0.45552884615384615 0.014423076923076924 0.019230769230769232
2 0.359375 0.46634615384615385 0.025691105769230768 0.024639423076923076
2 0.44591346153846156 0.5 0.022235576923076924 0.0234375
2 0.6526442307692307 0.3161057692307692 0.012319711538461538 0.012620192307692308
2 0.8629807692307693 0.37259615384615385 0.013221153846153846 0.013521634615384616
2 0.34975961538461536 0.234375 0.016075721153846152 0.01622596153846154