0 0.9855769230769231 0.4230769230769231 0.02869591346153846 0.04837740384615385
2 0.890625 0.6790865384615384 0.026292067307692308 0.026292067307692308
2 0.6971153846153846 0.5348557692307693 0.03861177884615385 0.038461538461538464
2 0.7536057692307693 0.28125 0.026292067307692308 0.024188701923076924
2 0.8088942307692307 0.33533653846153844 0.030498798076923076 0.03064903846153846
2 0.7908653846153846 0.4026442307692308 0.014573317307692308 0.026292067307692308
2 0.8341346153846154 0.38822115384615385 0.014423076923076924 0.02674278846153846
2 0.9146634615384616 0.5108173076923077 0.016826923076923076 0.026292067307692308
2 0.9375 0.9399038461538461 0.04326923076923077 0.1201923076923077
2 0.4963942307692308 0.25961538461538464 0.017427884615384616 0.018629807692307692
2 0.5252403846153846 0.2848557692307692 0.019230769230769232 0.016826923076923076
2 0.8701923076923077 0.6322115384615384 0.014723557692307692 0.014423076923076924