0 0.9867788461538461 0.4254807692307692 0.026442307692307692 0.052584134615384616
2 0.8942307692307693 0.6826923076923077 0.01953125 0.023888221153846152
2 0.6971153846153846 0.5348557692307693 0.03395432692307692 0.04326923076923077
2 0.7596153846153846 0.2848557692307692 0.024188701923076924 0.028846153846153848
2 0.8161057692307693 0.33653846153846156 0.026893028846153848 0.028545673076923076
2 0.8365384615384616 0.3942307692307692 0.019230769230769232 0.019080528846153848
2 0.9182692307692307 0.5168269230769231 0.018028846153846152 0.01817908653846154
2 0.5 0.2608173076923077 0.018780048076923076 0.017277644230769232
2 0.53125 0.2848557692307692 0.014573317307692308 0.021784855769230768
2 0.9387019230769231 0.9387019230769231 0.045973557692307696 0.12259615384615384
2 0.8713942307692307 0.6334134615384616 0.021484375 0.021484375