0 0.9867788461538461 0.42427884615384615 0.026442307692307692 0.04567307692307692
2 0.8942307692307693 0.6826923076923077 0.019831730769230768 0.023737980769230768
2 0.6971153846153846 0.5348557692307693 0.03861177884615385 0.038461538461538464
2 0.7596153846153846 0.2848557692307692 0.027794471153846152 0.026442307692307692
2 0.8161057692307693 0.33653846153846156 0.026292067307692308 0.029146634615384616
2 0.8365384615384616 0.3942307692307692 0.019230769230769232 0.019080528846153848
2 0.9158653846153846 0.5168269230769231 0.014423076923076924 0.014723557692307692
2 0.9375 0.9375 0.08173076923076923 0.08188100961538461
2 0.8713942307692307 0.6310096153846154 0.019230769230769232 0.026141826923076924
2 0.5 0.2608173076923077 0.014723557692307692 0.021334134615384616
2 0.5276442307692307 0.2848557692307692 0.017878605769230768 0.017878605769230768