0 0.9867788461538461 0.4266826923076923 0.026442307692307692 0.05048076923076923
2 0.8942307692307693 0.6826923076923077 0.023137019230769232 0.020282451923076924
2 0.6971153846153846 0.5348557692307693 0.03876201923076923 0.038461538461538464
2 0.7596153846153846 0.2848557692307692 0.024188701923076924 0.028846153846153848
2 0.8161057692307693 0.33653846153846156 0.026141826923076924 0.029447115384615384
2 0.8365384615384616 0.3942307692307692 0.014423076923076924 0.023737980769230768
2 0.9206730769230769 0.5192307692307693 0.014723557692307692 0.01953125
2 0.9375 0.9399038461538461 0.08173076923076923 0.08173076923076923
2 0.8713942307692307 0.6358173076923077 0.017878605769230768 0.017878605769230768
2 0.5 0.25961538461538464 0.014573317307692308 0.019230769230769232
2 0.5276442307692307 0.2848557692307692 0.017878605769230768 0.017878605769230768