0 0.9867788461538461 0.4266826923076923 0.026442307692307692 0.05048076923076923
2 0.8942307692307693 0.6826923076923077 0.023137019230769232 0.020282451923076924
2 0.6971153846153846 0.5348557692307693 0.033804086538461536 0.04326923076923077
2 0.7596153846153846 0.2848557692307692 0.027794471153846152 0.026442307692307692
2 0.8161057692307693 0.33653846153846156 0.026893028846153848 0.028545673076923076
2 0.8365384615384616 0.3942307692307692 0.019230769230769232 0.01893028846153846
2 0.9206730769230769 0.5192307692307693 0.018329326923076924 0.018329326923076924
2 0.9375 0.9399038461538461 0.08173076923076923 0.08173076923076923
2 0.8713942307692307 0.6358173076923077 0.016676682692307692 0.021484375
2 0.5 0.25961538461538464 0.018329326923076924 0.018028846153846152
2 0.5276442307692307 0.2848557692307692 0.016676682692307692 0.021484375