0 0.6911057692307693 0.2644230769230769 0.026292067307692308 0.03831129807692308
0 0.47596153846153844 0.14423076923076922 0.019831730769230768 0.023137019230769232
2 0.5480769230769231 0.4074519230769231 0.1104266826923077 0.08909254807692307
2 0.6466346153846154 0.47115384615384615 0.03831129807692308 0.024188701923076924
2 0.7836538461538461 0.04326923076923077 0.048978365384615384 0.05198317307692308
2 0.28365384615384615 0.23918269230769232 0.029146634615384616 0.030348557692307692
2 0.44350961538461536 0.09134615384615384 0.040114182692307696 0.038912259615384616
2 0.2776442307692308 0.07211538461538461 0.016075721153846152 0.015024038461538462
2 0.3557692307692308 0.1045673076923077 0.014423076923076924 0.012620192307692308
2 0.3449519230769231 0.21634615384615385 0.011868990384615384 0.009915865384615384
2 0.3713942307692308 0.24639423076923078 0.013070913461538462 0.014423076923076924
2 0.4387019230769231 0.25721153846153844 0.016826923076923076 0.015625