0 0.6911057692307693 0.2644230769230769 0.03170072115384615 0.03290264423076923
0 0.47596153846153844 0.14423076923076922 0.01893028846153846 0.024188701923076924
2 0.5480769230769231 0.4074519230769231 0.1104266826923077 0.08909254807692307
2 0.6466346153846154 0.47115384615384615 0.03831129807692308 0.024188701923076924
2 0.7836538461538461 0.04326923076923077 0.043118990384615384 0.05784254807692308
2 0.28365384615384615 0.23918269230769232 0.029296875 0.030498798076923076
2 0.44350961538461536 0.09134615384615384 0.03590745192307692 0.043118990384615384
2 0.2776442307692308 0.07211538461538461 0.016676682692307692 0.014423076923076924
2 0.3557692307692308 0.1045673076923077 0.009915865384615384 0.016826923076923076
2 0.3449519230769231 0.21634615384615385 0.011117788461538462 0.010817307692307692
2 0.3713942307692308 0.24639423076923078 0.011868990384615384 0.016826923076923076
2 0.4387019230769231 0.25721153846153844 0.014423076923076924 0.019230769230769232