0 0.7295673076923077 0.29927884615384615 0.021634615384615384 0.03590745192307692
0 0.5108173076923077 0.15985576923076922 0.01201923076923077 0.026592548076923076
2 0.5588942307692307 0.4411057692307692 0.026442307692307692 0.03365384615384615
2 0.6802884615384616 0.5228365384615384 0.04296875 0.04326923076923077
2 0.44471153846153844 0.25600961538461536 0.015625 0.017127403846153848
2 0.4651442307692308 0.2776442307692308 0.012920673076923076 0.014423076923076924
2 0.4723557692307692 0.11177884615384616 0.06009615384615385 0.059945913461538464
2 0.3088942307692308 0.2536057692307692 0.031400240384615384 0.031099759615384616
2 0.8329326923076923 0.06370192307692307 0.04567307692307692 0.045823317307692304
2 0.46274038461538464 0.17548076923076922 0.01201923076923077 0.013521634615384616
2 0.5709134615384616 0.11778846153846154 0.011868990384615384 0.014423076923076924