0 0.7295673076923077 0.29927884615384615 0.028846153846153848 0.027493990384615384
0 0.5108173076923077 0.15985576923076922 0.019230769230769232 0.020582932692307692
2 0.5588942307692307 0.4411057692307692 0.026442307692307692 0.03365384615384615
2 0.6802884615384616 0.5228365384615384 0.052734375 0.03365384615384615
2 0.44471153846153844 0.25600961538461536 0.018329326923076924 0.017277644230769232
2 0.4651442307692308 0.2776442307692308 0.012920673076923076 0.014423076923076924
2 0.4723557692307692 0.11177884615384616 0.05048076923076923 0.06956129807692307
2 0.3088942307692308 0.2536057692307692 0.036207932692307696 0.026292067307692308
2 0.8329326923076923 0.06370192307692307 0.04567307692307692 0.045823317307692304
2 0.46274038461538464 0.17548076923076922 0.009615384615384616 0.015024038461538462
2 0.5709134615384616 0.11778846153846154 0.012469951923076924 0.013822115384615384