0 0.7355769230769231 0.3329326923076923 0.01893028846153846 0.03365384615384615
0 0.5084134615384616 0.18990384615384615 0.017277644230769232 0.018780048076923076
2 0.5649038461538461 0.47836538461538464 0.12980769230769232 0.12995793269230768
2 0.7151442307692307 0.5853365384615384 0.08413461538461539 0.08383413461538461
2 0.2932692307692308 0.28365384615384615 0.028996394230769232 0.028996394230769232
2 0.4411057692307692 0.2932692307692308 0.012469951923076924 0.013822115384615384
2 0.4639423076923077 0.31490384615384615 0.014573317307692308 0.014723557692307692
2 0.4567307692307692 0.20673076923076922 0.010216346153846154 0.010216346153846154
2 0.5456730769230769 0.23197115384615385 0.01337139423076923 0.01201923076923077
2 0.84375 0.09014423076923077 0.04326923076923077 0.05543870192307692
2 0.47475961538461536 0.13581730769230768 0.038461538461538464 0.05498798076923077
2 0.30288461538461536 0.12620192307692307 0.01893028846153846 0.019230769230769232
2 0.38100961538461536 0.15144230769230768 0.01171875 0.019230769230769232
2 0.35336538461538464 0.12139423076923077 0.02013221153846154 0.021634615384615384