0 0.7307692307692307 0.3473557692307692 0.027794471153846152 0.026442307692307692
0 0.4987980769230769 0.19951923076923078 0.016826923076923076 0.01817908653846154
2 0.5649038461538461 0.5 0.13942307692307693 0.1349158653846154
2 0.7139423076923077 0.6105769230769231 0.10576923076923077 0.057992788461538464
2 0.28725961538461536 0.30408653846153844 0.028846153846153848 0.02734375
2 0.4326923076923077 0.3088942307692308 0.009915865384615384 0.016826923076923076
2 0.45552884615384615 0.3293269230769231 0.01622596153846154 0.015625
2 0.44591346153846156 0.21514423076923078 0.016826923076923076 0.016826923076923076
2 0.45913461538461536 0.1466346153846154 0.0625 0.06265024038461539
2 0.39663461538461536 0.09375 0.01337139423076923 0.010516826923076924
2 0.41586538461538464 0.09735576923076923 0.009615384615384616 0.01201923076923077
2 0.5612980769230769 0.15144230769230768 0.011868990384615384 0.014423076923076924
2 0.8341346153846154 0.09495192307692307 0.05228365384615385 0.05108173076923077
2 0.8161057692307693 0.2439903846153846 0.01201923076923077 0.01201923076923077
2 0.2127403846153846 0.040865384615384616 0.01201923076923077 0.019230769230769232