0 0.7379807692307693 0.36177884615384615 0.028245192307692308 0.02674278846153846
0 0.5012019230769231 0.20552884615384615 0.016826923076923076 0.01697716346153846
2 0.5649038461538461 0.515625 0.14903846153846154 0.15625
2 0.7560096153846154 0.6478365384615384 0.13731971153846154 0.13762019230769232
2 0.29086538461538464 0.3125 0.04326923076923077 0.024188701923076924
2 0.43149038461538464 0.3161057692307692 0.01201923076923077 0.016826923076923076
2 0.4567307692307692 0.33413461538461536 0.01817908653846154 0.015625
2 0.44711538461538464 0.22235576923076922 0.014122596153846154 0.012620192307692308
2 0.8461538461538461 0.09735576923076923 0.043569711538461536 0.04537259615384615
2 0.8245192307692307 0.2536057692307692 0.009615384615384616 0.019230769230769232
2 0.5661057692307693 0.15745192307692307 0.009615384615384616 0.014423076923076924
2 0.4651442307692308 0.15384615384615385 0.05588942307692308 0.05694110576923077
2 0.34975961538461536 0.13701923076923078 0.016826923076923076 0.019230769230769232
2 0.28966346153846156 0.1141826923076923 0.016826923076923076 0.016826923076923076
2 0.29086538461538464 0.14423076923076922 0.014423076923076924 0.019381009615384616