0 0.7223557692307693 0.3737980769230769 0.021334134615384616 0.035757211538461536
0 0.484375 0.21995192307692307 0.01201923076923077 0.026592548076923076
2 0.41586538461538464 0.33533653846153844 0.014723557692307692 0.01622596153846154
2 0.2704326923076923 0.33774038461538464 0.031400240384615384 0.031099759615384616
2 0.44711538461538464 0.16346153846153846 0.04326923076923077 0.0674579326923077
2 0.828125 0.09975961538461539 0.049729567307692304 0.049879807692307696
2 0.546875 0.16706730769230768 0.012620192307692308 0.012620192307692308
2 0.8088942307692307 0.2620192307692308 0.016676682692307692 0.024188701923076924
2 0.43149038461538464 0.23918269230769232 0.021484375 0.021484375
2 0.4411057692307692 0.36177884615384615 0.017277644230769232 0.017427884615384616
2 0.5637019230769231 0.5625 0.09810697115384616 0.0967548076923077
2 0.7127403846153846 0.6550480769230769 0.0946514423076923 0.0946514423076923