0 0.7223557692307693 0.38822115384615385 0.021484375 0.03590745192307692
0 0.4807692307692308 0.23317307692307693 0.014423076923076924 0.024188701923076924
2 0.5564903846153846 0.5757211538461539 0.12319711538461539 0.12319711538461539
2 0.75 0.6911057692307693 0.1971153846153846 0.09375
2 0.8269230769230769 0.109375 0.038161057692307696 0.05543870192307692
2 0.8088942307692307 0.2764423076923077 0.017277644230769232 0.018629807692307692
2 0.25600961538461536 0.3485576923076923 0.027193509615384616 0.028094951923076924
2 0.4375 0.16826923076923078 0.06280048076923077 0.06219951923076923
2 0.32211538461538464 0.16346153846153846 0.020432692307692308 0.020282451923076924
2 0.3473557692307692 0.19471153846153846 0.017127403846153848 0.018629807692307692
2 0.5432692307692307 0.1778846153846154 0.009915865384615384 0.019230769230769232
2 0.41225961538461536 0.3473557692307692 0.016826923076923076 0.016676682692307692
2 0.4338942307692308 0.3713942307692308 0.017277644230769232 0.017427884615384616
2 0.4266826923076923 0.2536057692307692 0.01201923076923077 0.019230769230769232
2 0.25961538461538464 0.1658653846153846 0.01817908653846154 0.015625
2 0.25961538461538464 0.13942307692307693 0.014573317307692308 0.009915865384615384