0 0.7115384615384616 0.43149038461538464 0.033353365384615384 0.032151442307692304
0 0.45913461538461536 0.2704326923076923 0.022986778846153848 0.021634615384615384
2 0.5336538461538461 0.6213942307692307 0.15384615384615385 0.15564903846153846
2 0.7427884615384616 0.7524038461538461 0.15354567307692307 0.15369591346153846
2 0.234375 0.4074519230769231 0.04026442307692308 0.040114182692307696
2 0.3870192307692308 0.40024038461538464 0.019981971153846152 0.02088341346153846
2 0.41225961538461536 0.4182692307692308 0.021634615384615384 0.023137019230769232
2 0.4026442307692308 0.29447115384615385 0.019230769230769232 0.021784855769230768
2 0.41225961538461536 0.2091346153846154 0.050631009615384616 0.08173076923076923
2 0.28725961538461536 0.20072115384615385 0.02403846153846154 0.025390625
2 0.8125 0.1310096153846154 0.04326923076923077 0.0625
2 0.7956730769230769 0.30528846153846156 0.009765625 0.019230769230769232
2 0.5240384615384616 0.2091346153846154 0.018028846153846152 0.015625
2 0.3473557692307692 0.15745192307692307 0.01622596153846154 0.016376201923076924
2 0.23076923076923078 0.171875 0.024338942307692308 0.019230769230769232
2 0.23317307692307693 0.20192307692307693 0.014723557692307692 0.024188701923076924
2 0.31850961538461536 0.23798076923076922 0.015925480769230768 0.015024038461538462
2 0.6862980769230769 0.008413461538461538 0.014423076923076924 0.01201923076923077