0 0.7127403846153846 0.546875 0.032301682692307696 0.032301682692307696
0 0.4362980769230769 0.3629807692307692 0.021634615384615384 0.02283653846153846
2 0.5060096153846154 0.7716346153846154 0.1219951923076923 0.12109375
2 0.7151442307692307 0.9266826923076923 0.10336538461538461 0.10336538461538461
2 0.3629807692307692 0.5120192307692307 0.019381009615384616 0.019381009615384616
2 0.3870192307692308 0.5432692307692307 0.02283653846153846 0.020282451923076924
2 0.19230769230769232 0.5252403846153846 0.04296875 0.041616586538461536
2 0.37740384615384615 0.3870192307692308 0.014423076923076924 0.019381009615384616
2 0.5060096153846154 0.2956730769230769 0.01201923076923077 0.024188701923076924
2 0.8088942307692307 0.19831730769230768 0.05588942307692308 0.05618990384615385
2 0.2824519230769231 0.3233173076923077 0.016676682692307692 0.021484375
2 0.25600961538461536 0.2860576923076923 0.02088341346153846 0.019831730769230768
2 0.18990384615384615 0.2620192307692308 0.0234375 0.02283653846153846
2 0.1875 0.296875 0.023737980769230768 0.022385817307692308
2 0.3161057692307692 0.23557692307692307 0.009615384615384616 0.019381009615384616
2 0.3870192307692308 0.3004807692307692 0.057992788461538464 0.09645432692307693
2 0.671875 0.04807692307692308 0.016676682692307692 0.028846153846153848
2 0.6526442307692307 0.016826923076923076 0.025841346153846152 0.024639423076923076
2 0.8004807692307693 0.39783653846153844 0.014122596153846154 0.021484375
2 0.9495192307692307 0.3629807692307692 0.014122596153846154 0.019230769230769232