0 0.7151442307692307 0.5769230769230769 0.026141826923076924 0.047475961538461536
0 0.4362980769230769 0.3858173076923077 0.016826923076923076 0.03365384615384615
2 0.4855769230769231 0.7800480769230769 0.09630408653846154 0.13206129807692307
2 0.5721153846153846 0.8858173076923077 0.053786057692307696 0.0546875
2 0.6983173076923077 0.9579326923076923 0.07211538461538461 0.07211538461538461
2 0.18629807692307693 0.5528846153846154 0.045823317307692304 0.033804086538461536
2 0.36177884615384615 0.5384615384615384 0.019230769230769232 0.019080528846153848
2 0.2824519230769231 0.3449519230769231 0.017878605769230768 0.020582932692307692
2 0.25 0.3004807692307692 0.024188701923076924 0.024188701923076924
2 0.18389423076923078 0.2776442307692308 0.02208533653846154 0.022235576923076924
2 0.18629807692307693 0.31490384615384615 0.022235576923076924 0.023587740384615384
2 0.38461538461538464 0.31971153846153844 0.08203125 0.08173076923076923
2 0.3137019230769231 0.24639423076923078 0.021484375 0.021484375
2 0.5060096153846154 0.3125 0.019230769230769232 0.024188701923076924
2 0.8161057692307693 0.2127403846153846 0.0625 0.0625
2 0.6778846153846154 0.05889423076923077 0.028245192307692308 0.02734375
2 0.6574519230769231 0.025240384615384616 0.031099759615384616 0.031400240384615384
2 0.38461538461538464 0.5697115384615384 0.019230769230769232 0.019230769230769232