0 0.7247596153846154 0.6382211538461539 0.03560697115384615 0.03545673076923077
0 0.43149038461538464 0.4338942307692308 0.016676682692307692 0.03365384615384615
0 0.6286057692307693 0.019230769230769232 0.026141826923076924 0.02403846153846154
2 0.4807692307692308 0.8701923076923077 0.12034254807692307 0.1201923076923077
2 0.5661057692307693 0.9711538461538461 0.05588942307692308 0.05709134615384615
2 0.171875 0.6153846153846154 0.045072115384615384 0.04417067307692308
2 0.34975961538461536 0.6009615384615384 0.021033653846153848 0.02013221153846154
2 0.3786057692307692 0.6346153846153846 0.021634615384615384 0.023737980769230768
2 0.36778846153846156 0.4651442307692308 0.009765625 0.019230769230769232
2 0.38100961538461536 0.36658653846153844 0.06024639423076923 0.11298076923076923
2 0.27163461538461536 0.390625 0.009765625 0.019230769230769232
2 0.24278846153846154 0.3485576923076923 0.029146634615384616 0.028245192307692308
2 0.17427884615384615 0.32211538461538464 0.031099759615384616 0.019230769230769232
2 0.17427884615384615 0.359375 0.022686298076923076 0.025390625
2 0.30649038461538464 0.28725961538461536 0.017878605769230768 0.017878605769230768
2 0.3317307692307692 0.2932692307692308 0.014423076923076924 0.014122596153846154
2 0.5060096153846154 0.35697115384615385 0.01622596153846154 0.01622596153846154
2 0.8233173076923077 0.25240384615384615 0.057692307692307696 0.057992788461538464
2 0.6622596153846154 0.052884615384615384 0.02403846153846154 0.03876201923076923
2 0.6838942307692307 0.0889423076923077 0.025841346153846152 0.024338942307692308
2 0.8161057692307693 0.4723557692307692 0.01201923076923077 0.019230769230769232
2 0.9723557692307693 0.4326923076923077 0.01201923076923077 0.019230769230769232