0 0.7355769230769231 0.7175480769230769 0.038161057692307696 0.036959134615384616
0 0.43028846153846156 0.49158653846153844 0.024639423076923076 0.02403846153846154
0 0.6346153846153846 0.04567307692307692 0.022986778846153848 0.023137019230769232
2 0.15625 0.6911057692307693 0.05228365384615385 0.04326923076923077
2 0.3449519230769231 0.6706730769230769 0.016826923076923076 0.028846153846153848
2 0.3713942307692308 0.7115384615384616 0.025841346153846152 0.024338942307692308
2 0.36538461538461536 0.5228365384615384 0.023737980769230768 0.02403846153846154
2 0.375 0.4182692307692308 0.0625 0.11508413461538461
2 0.2620192307692308 0.4387019230769231 0.014723557692307692 0.026592548076923076
2 0.23076923076923078 0.3942307692307692 0.024188701923076924 0.02869591346153846
2 0.16466346153846154 0.3641826923076923 0.031099759615384616 0.021484375
2 0.1622596153846154 0.41346153846153844 0.025841346153846152 0.024489182692307692
2 0.3004807692307692 0.33533653846153844 0.013822115384615384 0.012620192307692308
2 0.328125 0.3401442307692308 0.016826923076923076 0.016676682692307692
2 0.5060096153846154 0.4074519230769231 0.017878605769230768 0.020582932692307692
2 0.8317307692307693 0.5348557692307693 0.019230769230769232 0.017728365384615384
2 0.8365384615384616 0.2932692307692308 0.07211538461538461 0.072265625
2 0.6682692307692307 0.08413461538461539 0.02403846153846154 0.04326923076923077
2 0.6899038461538461 0.11658653846153846 0.014723557692307692 0.036207932692307696
2 0.9158653846153846 0.6442307692307693 0.014122596153846154 0.02869591346153846
2 0.6947115384615384 0.796875 0.009765625 0.021784855769230768
2 0.7139423076923077 0.6959134615384616 0.014122596153846154 0.026292067307692308