0 0.7403846153846154 0.7632211538461539 0.028245192307692308 0.05078125
0 0.4254807692307692 0.5276442307692307 0.014723557692307692 0.036207932692307696
0 0.6346153846153846 0.06610576923076923 0.03350360576923077 0.019230769230769232
2 0.140625 0.7415865384615384 0.059945913461538464 0.041015625
2 0.33653846153846156 0.71875 0.009915865384615384 0.024188701923076924
2 0.36658653846153844 0.7596153846153846 0.026442307692307692 0.025090144230769232
2 0.3581730769230769 0.5612980769230769 0.014723557692307692 0.03125
2 0.3713942307692308 0.4495192307692308 0.09450120192307693 0.09555288461538461
2 0.15504807692307693 0.39783653846153844 0.03125 0.016826923076923076
2 0.14903846153846154 0.43990384615384615 0.022986778846153848 0.022986778846153848
2 0.2247596153846154 0.4326923076923077 0.025691105769230768 0.024489182692307692
2 0.2548076923076923 0.4795673076923077 0.009915865384615384 0.026292067307692308
2 0.2932692307692308 0.36177884615384615 0.009915865384615384 0.019230769230769232
2 0.32211538461538464 0.3713942307692308 0.014723557692307692 0.014423076923076924
2 0.5060096153846154 0.43990384615384615 0.014423076923076924 0.024338942307692308
2 0.8353365384615384 0.5685096153846154 0.016826923076923076 0.026292067307692308
2 0.8365384615384616 0.31850961538461536 0.05739182692307692 0.08864182692307693
2 0.6658653846153846 0.0985576923076923 0.033804086538461536 0.03365384615384615
2 0.6911057692307693 0.13942307692307693 0.030498798076923076 0.029296875
2 0.9254807692307693 0.6826923076923077 0.014573317307692308 0.02869591346153846
2 0.7247596153846154 0.7007211538461539 0.021484375 0.021784855769230768