0 0.7487980769230769 0.8161057692307693 0.04056490384615385 0.041165865384615384
0 0.4254807692307692 0.5637019230769231 0.014573317307692308 0.03590745192307692
0 0.6382211538461539 0.08173076923076923 0.02599158653846154 0.024338942307692308
0 0.359375 0.007211538461538462 0.016826923076923076 0.014423076923076924
2 0.1310096153846154 0.7848557692307693 0.05979567307692308 0.04807692307692308
2 0.3329326923076923 0.7668269230769231 0.017427884615384616 0.01893028846153846
2 0.36538461538461536 0.8088942307692307 0.018780048076923076 0.017277644230769232
2 0.3545673076923077 0.5985576923076923 0.016676682692307692 0.023888221153846152
2 0.1466346153846154 0.4254807692307692 0.03395432692307692 0.015024038461538462
2 0.14302884615384615 0.4723557692307692 0.021484375 0.026592548076923076
2 0.21754807692307693 0.4567307692307692 0.02734375 0.02794471153846154
2 0.25 0.5084134615384616 0.019981971153846152 0.02088341346153846
2 0.31850961538461536 0.3954326923076923 0.017427884615384616 0.017277644230769232
2 0.36899038461538464 0.4807692307692308 0.10276442307692307 0.10141225961538461
2 0.5036057692307693 0.4651442307692308 0.01201923076923077 0.021784855769230768
2 0.8461538461538461 0.609375 0.018629807692307692 0.017728365384615384
2 0.8497596153846154 0.3473557692307692 0.05543870192307692 0.08909254807692307
2 0.6935096153846154 0.15745192307692307 0.021634615384615384 0.035757211538461536
2 0.671875 0.11538461538461539 0.021634615384615384 0.03861177884615385
2 0.9387019230769231 0.7307692307692307 0.016075721153846152 0.015174278846153846
2 0.734375 0.7512019230769231 0.01201923076923077 0.019230769230769232
2 0.7259615384615384 0.796875 0.015174278846153846 0.016376201923076924
2 0.7055288461538461 0.9098557692307693 0.014423076923076924 0.021784855769230768