0 0.7548076923076923 0.8581730769230769 0.024188701923076924 0.05303485576923077
0 0.4230769230769231 0.5925480769230769 0.02794471153846154 0.026893028846153848
0 0.6394230769230769 0.09134615384615384 0.024939903846153848 0.02794471153846154
0 0.359375 0.010817307692307692 0.026292067307692308 0.016826923076923076
2 0.12379807692307693 0.8269230769230769 0.057692307692307696 0.04837740384615385
2 0.3293269230769231 0.8076923076923077 0.014723557692307692 0.02869591346153846
2 0.359375 0.8509615384615384 0.025691105769230768 0.024489182692307692
2 0.3485576923076923 0.6286057692307693 0.014573317307692308 0.026592548076923076
2 0.13701923076923078 0.4495192307692308 0.02869591346153846 0.019381009615384616
2 0.1346153846153846 0.5036057692307693 0.029597355769230768 0.030498798076923076
2 0.2091346153846154 0.4807692307692308 0.027794471153846152 0.027644230769230768
2 0.2439903846153846 0.5384615384615384 0.016526442307692308 0.029447115384615384
2 0.36538461538461536 0.5036057692307693 0.09600360576923077 0.09615384615384616
2 0.5060096153846154 0.4963942307692308 0.01201923076923077 0.026292067307692308
2 0.8557692307692307 0.6418269230769231 0.020432692307692308 0.022986778846153848
2 0.8557692307692307 0.36778846153846156 0.07572115384615384 0.07602163461538461
2 0.6754807692307693 0.12980769230769232 0.033353365384615384 0.03365384615384615
2 0.6995192307692307 0.17307692307692307 0.01953125 0.038161057692307696
2 0.28365384615384615 0.41225961538461536 0.01397235576923077 0.012620192307692308
2 0.31490384615384615 0.4182692307692308 0.009915865384615384 0.019230769230769232
2 0.7379807692307693 0.7860576923076923 0.014573317307692308 0.014423076923076924
2 0.7283653846153846 0.8329326923076923 0.019831730769230768 0.02088341346153846
2 0.7091346153846154 0.9507211538461539 0.018780048076923076 0.017578125
2 0.9483173076923077 0.7668269230769231 0.01201923076923077 0.019381009615384616