0 0.7596153846153846 0.9146634615384616 0.042818509615384616 0.04131610576923077
0 0.4182692307692308 0.6370192307692307 0.01893028846153846 0.03861177884615385
0 0.6394230769230769 0.11057692307692307 0.024338942307692308 0.023737980769230768
0 0.35336538461538464 0.026442307692307692 0.02794471153846154 0.025090144230769232
2 0.10576923076923077 0.8834134615384616 0.0625 0.05048076923076923
2 0.31850961538461536 0.8629807692307693 0.016526442307692308 0.03395432692307692
2 0.35216346153846156 0.9098557692307693 0.027043269230769232 0.027043269230769232
2 0.8617788461538461 0.6875 0.021033653846153848 0.02013221153846154
2 0.3449519230769231 0.6754807692307693 0.02088341346153846 0.019981971153846152
2 0.3581730769230769 0.5432692307692307 0.10486778846153846 0.10516826923076923
2 0.5036057692307693 0.5348557692307693 0.01201923076923077 0.03125
2 0.23677884615384615 0.5769230769230769 0.02208533653846154 0.023587740384615384
2 0.20192307692307693 0.5216346153846154 0.032602163461538464 0.029747596153846152
2 0.12620192307692307 0.4855769230769231 0.03590745192307692 0.019381009615384616
2 0.12379807692307693 0.5348557692307693 0.021634615384615384 0.021784855769230768
2 0.2764423076923077 0.44471153846153844 0.013822115384615384 0.028545673076923076
2 0.30649038461538464 0.4519230769230769 0.017427884615384616 0.018780048076923076
2 0.8605769230769231 0.39783653846153844 0.07632211538461539 0.07542067307692307
2 0.671875 0.14783653846153846 0.03590745192307692 0.036057692307692304
2 0.6971153846153846 0.18990384615384615 0.028846153846153848 0.02869591346153846
2 0.9567307692307693 0.8161057692307693 0.019981971153846152 0.02088341346153846
2 0.7331730769230769 0.8894230769230769 0.014723557692307692 0.024188701923076924