0 0.7668269230769231 0.9663461538461539 0.04717548076923077 0.044320913461538464
0 0.41586538461538464 0.6694711538461539 0.014723557692307692 0.04071514423076923
0 0.6418269230769231 0.12860576923076922 0.033353365384615384 0.014423076923076924
0 0.35336538461538464 0.040865384615384616 0.02403846153846154 0.019230769230769232
2 0.9651442307692307 0.8569711538461539 0.016676682692307692 0.03125
2 0.8677884615384616 0.71875 0.01953125 0.019381009615384616
2 0.8653846153846154 0.4230769230769231 0.0625 0.10546875
2 0.6766826923076923 0.1658653846153846 0.026292067307692308 0.04326923076923077
2 0.703125 0.21033653846153846 0.026442307692307692 0.026442307692307692
2 0.5012019230769231 0.5612980769230769 0.017277644230769232 0.017427884615384616
2 0.31490384615384615 0.9098557692307693 0.023737980769230768 0.022235576923076924
2 0.3449519230769231 0.9555288461538461 0.026292067307692308 0.03125
2 0.09975961538461539 0.9242788461538461 0.059495192307692304 0.059645432692307696
2 0.33774038461538464 0.7091346153846154 0.016676682692307692 0.02869591346153846
2 0.359375 0.5661057692307693 0.0625 0.125
2 0.23076923076923078 0.6069711538461539 0.019381009615384616 0.03125
2 0.11538461538461539 0.5649038461538461 0.019381009615384616 0.024188701923076924
2 0.12139423076923077 0.5132211538461539 0.025691105769230768 0.025841346153846152
2 0.19951923076923078 0.5540865384615384 0.023737980769230768 0.026292067307692308
2 0.27403846153846156 0.47475961538461536 0.010216346153846154 0.026141826923076924
2 0.3016826923076923 0.4807692307692308 0.01622596153846154 0.015024038461538462