0 0.4098557692307692 0.7548076923076923 0.030348557692307692 0.029447115384615384
0 0.6442307692307693 0.16706730769230768 0.03350360576923077 0.016826923076923076
0 0.3485576923076923 0.07451923076923077 0.02869591346153846 0.023888221153846152
2 0.9891826923076923 0.9627403846153846 0.021634615384615384 0.021634615384615384
2 0.8858173076923077 0.8137019230769231 0.021484375 0.021784855769230768
2 0.5012019230769231 0.6370192307692307 0.014423076923076924 0.023737980769230768
2 0.328125 0.8004807692307693 0.016676682692307692 0.024188701923076924
2 0.3473557692307692 0.6466346153846154 0.07211538461538461 0.14888822115384615
2 0.2127403846153846 0.6862980769230769 0.021634615384615384 0.03590745192307692
2 0.17908653846153846 0.6262019230769231 0.026442307692307692 0.02674278846153846
2 0.0985576923076923 0.5817307692307693 0.028545673076923076 0.02869591346153846
2 0.09134615384615384 0.6394230769230769 0.027644230769230768 0.027644230769230768
2 0.25961538461538464 0.5360576923076923 0.024939903846153848 0.024939903846153848
2 0.8737980769230769 0.4831730769230769 0.05543870192307692 0.1102764423076923
2 0.6802884615384616 0.20793269230769232 0.029597355769230768 0.030799278846153848
2 0.7067307692307693 0.2536057692307692 0.02478966346153846 0.02599158653846154