0 0.40384615384615385 0.8088942307692307 0.01893028846153846 0.04326923076923077
0 0.6454326923076923 0.1875 0.027193509615384616 0.02794471153846154
0 0.3425480769230769 0.09375 0.025841346153846152 0.024939903846153848
2 0.8954326923076923 0.8677884615384616 0.01201923076923077 0.023888221153846152
2 0.8894230769230769 0.5192307692307693 0.09149639423076923 0.09104567307692307
2 0.6802884615384616 0.23076923076923078 0.03485576923076923 0.03756009615384615
2 0.7091346153846154 0.27884615384615385 0.015024038461538462 0.04296875
2 0.4987980769230769 0.6826923076923077 0.014423076923076924 0.023888221153846152
2 0.31971153846153844 0.8557692307692307 0.01532451923076923 0.01817908653846154
2 0.3425480769230769 0.6899038461538461 0.11343149038461539 0.11478365384615384
2 0.08774038461538461 0.6262019230769231 0.036057692307692304 0.019230769230769232
2 0.16466346153846154 0.6694711538461539 0.026442307692307692 0.03125
2 0.20192307692307693 0.7355769230769231 0.01953125 0.019230769230769232
2 0.07932692307692307 0.6899038461538461 0.023737980769230768 0.03365384615384615
2 0.2512019230769231 0.5769230769230769 0.017427884615384616 0.018780048076923076
2 0.2824519230769231 0.5865384615384616 0.02088341346153846 0.019681490384615384