0 0.40384615384615385 0.8088942307692307 0.029747596153846152 0.03125
0 0.6454326923076923 0.1875 0.03635817307692308 0.018629807692307692
0 0.3425480769230769 0.09375 0.026442307692307692 0.024188701923076924
2 0.8954326923076923 0.8677884615384616 0.017427884615384616 0.018479567307692308
2 0.8894230769230769 0.5192307692307693 0.0674579326923077 0.11508413461538461
2 0.6802884615384616 0.23076923076923078 0.02403846153846154 0.04837740384615385
2 0.7091346153846154 0.27884615384615385 0.014723557692307692 0.043118990384615384
2 0.4987980769230769 0.6826923076923077 0.019230769230769232 0.019080528846153848
2 0.31971153846153844 0.8557692307692307 0.014122596153846154 0.019381009615384616
2 0.3425480769230769 0.6899038461538461 0.11328125 0.11478365384615384
2 0.08774038461538461 0.6262019230769231 0.036057692307692304 0.019230769230769232
2 0.16466346153846154 0.6694711538461539 0.026442307692307692 0.03125
2 0.20192307692307693 0.7355769230769231 0.01953125 0.019230769230769232
2 0.07932692307692307 0.6899038461538461 0.028545673076923076 0.028846153846153848
2 0.2512019230769231 0.5769230769230769 0.01201923076923077 0.024188701923076924
2 0.2824519230769231 0.5865384615384616 0.016676682692307692 0.023888221153846152