0 0.39783653846153844 0.9098557692307693 0.014423076923076924 0.04807692307692308
0 0.6490384615384616 0.22716346153846154 0.038161057692307696 0.016826923076923076
0 0.33653846153846156 0.1201923076923077 0.027794471153846152 0.025090144230769232
2 0.9158653846153846 0.9723557692307693 0.014723557692307692 0.035757211538461536
2 0.8942307692307693 0.5889423076923077 0.09600360576923077 0.09630408653846154
2 0.6875 0.27524038461538464 0.024188701923076924 0.05513822115384615
2 0.7151442307692307 0.328125 0.016676682692307692 0.04326923076923077
2 0.4963942307692308 0.7668269230769231 0.016826923076923076 0.01817908653846154
2 0.3293269230769231 0.7848557692307693 0.08203125 0.1875
2 0.3076923076923077 0.9627403846153846 0.022986778846153848 0.021634615384615384
2 0.23677884615384615 0.6514423076923077 0.01171875 0.033052884615384616
2 0.27163461538461536 0.6622596153846154 0.009765625 0.026292067307692308
2 0.06009615384615385 0.7043269230769231 0.02794471153846154 0.027794471153846152
2 0.1502403846153846 0.7608173076923077 0.02403846153846154 0.03635817307692308
2 0.18389423076923078 0.8269230769230769 0.014423076923076924 0.03365384615384615
2 0.056490384615384616 0.7728365384615384 0.021634615384615384 0.03365384615384615