0 0.3942307692307692 0.9615384615384616 0.029146634615384616 0.028846153846153848
0 0.6490384615384616 0.24639423076923078 0.03350360576923077 0.019230769230769232
0 0.3317307692307692 0.13581730769230768 0.024338942307692308 0.026141826923076924
2 0.4951923076923077 0.8100961538461539 0.019381009615384616 0.019381009615384616
2 0.3245192307692308 0.8245192307692307 0.08173076923076923 0.177734375
2 0.23076923076923078 0.6887019230769231 0.018780048076923076 0.017578125
2 0.14302884615384615 0.7992788461538461 0.016826923076923076 0.026592548076923076
2 0.17548076923076922 0.8725961538461539 0.022986778846153848 0.02283653846153846
2 0.04326923076923077 0.8173076923076923 0.01953125 0.033804086538461536
2 0.9050480769230769 0.6225961538461539 0.0985576923076923 0.09705528846153846
2 0.6887019230769231 0.296875 0.04462139423076923 0.04326923076923077
2 0.7199519230769231 0.3485576923076923 0.03064903846153846 0.029447115384615384
2 0.05048076923076923 0.7451923076923077 0.03275240384615385 0.03275240384615385