0 0.6610576923076923 0.2692307692307692 0.027794471153846152 0.027794471153846152
0 0.33653846153846156 0.1502403846153846 0.02869591346153846 0.028846153846153848
2 0.4987980769230769 0.8629807692307693 0.016826923076923076 0.01817908653846154
2 0.2283653846153846 0.7307692307692307 0.014122596153846154 0.02869591346153846
2 0.16826923076923078 0.9206730769230769 0.024188701923076924 0.02403846153846154
2 0.046875 0.7848557692307693 0.036207932692307696 0.026592548076923076
2 0.13341346153846154 0.84375 0.026442307692307692 0.025240384615384616
2 0.038461538461538464 0.8545673076923077 0.019381009615384616 0.026292067307692308
2 0.3245192307692308 0.8774038461538461 0.1251502403846154 0.12530048076923078
2 0.921875 0.6694711538461539 0.10096153846153846 0.10096153846153846
2 0.7019230769230769 0.32211538461538464 0.04221754807692308 0.03951322115384615
2 0.7307692307692307 0.3786057692307692 0.019381009615384616 0.04807692307692308