0 0.6742788461538461 0.30649038461538464 0.026442307692307692 0.026442307692307692
0 0.34375 0.17908653846153846 0.028545673076923076 0.028846153846153848
0 0.6634615384615384 0.013221153846153846 0.019230769230769232 0.019230769230769232
2 0.5012019230769231 0.9375 0.01201923076923077 0.028846153846153848
2 0.22235576923076922 0.7884615384615384 0.02403846153846154 0.024188701923076924
2 0.33533653846153844 0.9086538461538461 0.06971153846153846 0.1443810096153846
2 0.030048076923076924 0.8449519230769231 0.026442307692307692 0.026592548076923076
2 0.025240384615384616 0.9290865384615384 0.021334134615384616 0.04567307692307692
2 0.1201923076923077 0.9050480769230769 0.029146634615384616 0.04807692307692308
2 0.15865384615384615 0.9879807692307693 0.019831730769230768 0.02013221153846154
2 0.9435096153846154 0.7367788461538461 0.06505408653846154 0.15159254807692307
2 0.7163461538461539 0.3629807692307692 0.028545673076923076 0.06280048076923077
2 0.7463942307692307 0.421875 0.031850961538461536 0.031850961538461536