0 0.6742788461538461 0.30649038461538464 0.026442307692307692 0.026442307692307692
0 0.34375 0.17908653846153846 0.02869591346153846 0.028846153846153848
0 0.6634615384615384 0.013221153846153846 0.019230769230769232 0.019230769230769232
2 0.5012019230769231 0.9375 0.01201923076923077 0.028846153846153848
2 0.22235576923076922 0.7884615384615384 0.02403846153846154 0.024188701923076924
2 0.33533653846153844 0.9086538461538461 0.10757211538461539 0.1065204326923077
2 0.030048076923076924 0.8449519230769231 0.03125 0.021784855769230768
2 0.025240384615384616 0.9290865384615384 0.032301682692307696 0.03365384615384615
2 0.1201923076923077 0.9050480769230769 0.029146634615384616 0.04807692307692308
2 0.15865384615384615 0.9879807692307693 0.01893028846153846 0.023888221153846152
2 0.9435096153846154 0.7367788461538461 0.1084735576923077 0.1084735576923077
2 0.7163461538461539 0.3629807692307692 0.028545673076923076 0.06280048076923077
2 0.7463942307692307 0.421875 0.016826923076923076 0.04807692307692308