0 0.6838942307692307 0.33413461538461536 0.02734375 0.028245192307692308
0 0.3485576923076923 0.1971153846153846 0.029747596153846152 0.03275240384615385
0 0.6730769230769231 0.028846153846153848 0.02013221153846154 0.022986778846153848
2 0.5060096153846154 0.9891826923076923 0.016826923076923076 0.016676682692307692
2 0.953125 0.7836538461538461 0.09375 0.11538461538461539
2 0.7271634615384616 0.39302884615384615 0.026442307692307692 0.06490384615384616
2 0.7572115384615384 0.45552884615384615 0.03365384615384615 0.03365384615384615
2 0.3485576923076923 0.9459134615384616 0.07752403846153846 0.0790264423076923
2 0.22235576923076922 0.8317307692307693 0.025691105769230768 0.02478966346153846
2 0.11538461538461539 0.9495192307692307 0.02869591346153846 0.03831129807692308
2 0.030048076923076924 0.8870192307692307 0.026442307692307692 0.023888221153846152
2 0.013221153846153846 0.9783653846153846 0.026442307692307692 0.04326923076923077