0 0.31009615384615385 0.7295673076923077 0.05228365384615385 0.050931490384615384
0 0.7235576923076923 0.5961538461538461 0.04266826923076923 0.043569711538461536
0 0.5673076923076923 0.4699519230769231 0.02869591346153846 0.03590745192307692
2 0.9663461538461539 0.6514423076923077 0.052734375 0.04807692307692308
2 0.33413461538461536 0.9182692307692307 0.014723557692307692 0.028846153846153848
2 0.10096153846153846 0.4879807692307692 0.038461538461538464 0.03876201923076923
2 0.3401442307692308 0.23798076923076922 0.026592548076923076 0.033353365384615384
2 0.2848557692307692 0.19951923076923078 0.021033653846153848 0.019981971153846152
2 0.04807692307692308 0.14903846153846154 0.014723557692307692 0.014423076923076924
2 0.03125 0.15264423076923078 0.014423076923076924 0.01622596153846154
2 0.14903846153846154 0.23076923076923078 0.018028846153846152 0.015024038461538462
2 0.5576923076923077 0.1466346153846154 0.01817908653846154 0.015625