0 0.31009615384615385 0.7295673076923077 0.05228365384615385 0.050931490384615384
0 0.7235576923076923 0.5961538461538461 0.033353365384615384 0.05303485576923077
0 0.5673076923076923 0.4699519230769231 0.03290264423076923 0.03170072115384615
2 0.9663461538461539 0.6514423076923077 0.04912860576923077 0.051682692307692304
2 0.33413461538461536 0.9182692307692307 0.014723557692307692 0.028846153846153848
2 0.10096153846153846 0.4879807692307692 0.038461538461538464 0.03876201923076923
2 0.3401442307692308 0.23798076923076922 0.026592548076923076 0.033353365384615384
2 0.2848557692307692 0.19951923076923078 0.021033653846153848 0.019981971153846152
2 0.04807692307692308 0.14903846153846154 0.015024038461538462 0.014423076923076924
2 0.03125 0.15264423076923078 0.014122596153846154 0.016826923076923076
2 0.14903846153846154 0.23076923076923078 0.014423076923076924 0.018629807692307692
2 0.5576923076923077 0.1466346153846154 0.014573317307692308 0.019230769230769232