0 0.3137019230769231 0.7536057692307693 0.0546875 0.05438701923076923
0 0.734375 0.6213942307692307 0.04462139423076923 0.041917067307692304
0 0.5769230769230769 0.49038461538461536 0.029747596153846152 0.03275240384615385
2 0.9783653846153846 0.6838942307692307 0.04251802884615385 0.04131610576923077
2 0.33653846153846156 0.9519230769230769 0.02403846153846154 0.02403846153846154
2 0.10576923076923077 0.49399038461538464 0.02403846153846154 0.05513822115384615
2 0.3485576923076923 0.25 0.033353365384615384 0.028846153846153848
2 0.2932692307692308 0.21033653846153846 0.010216346153846154 0.026141826923076924
2 0.039663461538461536 0.15745192307692307 0.01171875 0.019230769230769232
2 0.056490384615384616 0.15504807692307693 0.01622596153846154 0.01622596153846154
2 0.5697115384615384 0.15985576923076922 0.009765625 0.016826923076923076