0 0.3137019230769231 0.7536057692307693 0.04807692307692308 0.059945913461538464
0 0.734375 0.6213942307692307 0.026592548076923076 0.059945913461538464
0 0.5769230769230769 0.49038461538461536 0.02989783653846154 0.032602163461538464
2 0.9783653846153846 0.6838942307692307 0.043118990384615384 0.04071514423076923
2 0.33653846153846156 0.9519230769230769 0.019230769230769232 0.028846153846153848
2 0.10576923076923077 0.49399038461538464 0.0390625 0.040114182692307696
2 0.3485576923076923 0.25 0.029447115384615384 0.030048076923076924
2 0.2932692307692308 0.21033653846153846 0.01893028846153846 0.017277644230769232
2 0.039663461538461536 0.15745192307692307 0.011868990384615384 0.019230769230769232
2 0.056490384615384616 0.15504807692307693 0.01622596153846154 0.01622596153846154
2 0.5697115384615384 0.15985576923076922 0.009765625 0.016826923076923076