0 0.3125 0.7944711538461539 0.048677884615384616 0.055588942307692304
0 0.7439903846153846 0.6574519230769231 0.031099759615384616 0.06009615384615385
0 0.5829326923076923 0.5192307692307693 0.03545673076923077 0.03395432692307692
2 0.33653846153846156 0.9915865384615384 0.015174278846153846 0.01622596153846154
2 0.984375 0.7199519230769231 0.026592548076923076 0.03590745192307692
2 0.09975961538461539 0.5192307692307693 0.044921875 0.043870192307692304
2 0.34975961538461536 0.26802884615384615 0.026292067307692308 0.026592548076923076
2 0.2956730769230769 0.22956730769230768 0.018780048076923076 0.017277644230769232
2 0.039663461538461536 0.16947115384615385 0.016075721153846152 0.01622596153846154
2 0.056490384615384616 0.1658653846153846 0.017277644230769232 0.018629807692307692
2 0.5745192307692307 0.17548076923076922 0.01532451923076923 0.015625