0 0.3125 0.7944711538461539 0.04837740384615385 0.05543870192307692
0 0.7439903846153846 0.6574519230769231 0.04537259615384615 0.04567307692307692
0 0.5829326923076923 0.5192307692307693 0.03545673076923077 0.03395432692307692
2 0.33653846153846156 0.9915865384615384 0.01532451923076923 0.01622596153846154
2 0.9831730769230769 0.71875 0.03365384615384615 0.028846153846153848
2 0.09975961538461539 0.5192307692307693 0.044921875 0.043870192307692304
2 0.34975961538461536 0.26802884615384615 0.026292067307692308 0.026592548076923076
2 0.2956730769230769 0.22956730769230768 0.018780048076923076 0.017277644230769232
2 0.039663461538461536 0.16947115384615385 0.01171875 0.019230769230769232
2 0.056490384615384616 0.1658653846153846 0.017277644230769232 0.018629807692307692
2 0.5745192307692307 0.17548076923076922 0.01532451923076923 0.015625