0 0.3245192307692308 0.9495192307692307 0.057692307692307696 0.05739182692307692
0 0.8088942307692307 0.8401442307692307 0.03125 0.07451923076923077
0 0.6358173076923077 0.6514423076923077 0.035757211538461536 0.04807692307692308
2 0.12379807692307693 0.6033653846153846 0.044921875 0.043569711538461536
2 0.4026442307692308 0.3401442307692308 0.031099759615384616 0.03125
2 0.3485576923076923 0.2920673076923077 0.014122596153846154 0.036207932692307696
2 0.19951923076923078 0.3088942307692308 0.019230769230769232 0.021784855769230768
2 0.008413461538461538 0.29447115384615385 0.016826923076923076 0.016826923076923076
2 0.08653846153846154 0.203125 0.009915865384615384 0.019230769230769232
2 0.1045673076923077 0.203125 0.017277644230769232 0.017427884615384616
2 0.6466346153846154 0.25 0.015024038461538462 0.015024038461538462
2 0.4098557692307692 0.11177884615384616 0.017277644230769232 0.017427884615384616
2 0.34975961538461536 0.09134615384615384 0.016075721153846152 0.014723557692307692
2 0.021634615384615384 0.2704326923076923 0.015174278846153846 0.01622596153846154