0 0.8425480769230769 0.9399038461538461 0.03125 0.08188100961538461
0 0.6622596153846154 0.7223557692307693 0.044771634615384616 0.044771634615384616
2 0.13942307692307693 0.6310096153846154 0.019230769230769232 0.03365384615384615
2 0.4254807692307692 0.3762019230769231 0.02869591346153846 0.026592548076923076
2 0.3713942307692308 0.31971153846153844 0.020733173076923076 0.01953125
2 0.22115384615384615 0.33413461538461536 0.009915865384615384 0.019230769230769232
2 0.027644230769230768 0.3112980769230769 0.016526442307692308 0.019230769230769232
2 0.04326923076923077 0.28725961538461536 0.01397235576923077 0.012620192307692308
2 0.109375 0.21875 0.016075721153846152 0.01532451923076923
2 0.12860576923076922 0.21995192307692307 0.017127403846153848 0.017427884615384616
2 0.6826923076923077 0.2932692307692308 0.009915865384615384 0.019381009615384616
2 0.8713942307692307 0.41225961538461536 0.017878605769230768 0.017878605769230768