0 0.7379807692307693 0.9783653846153846 0.04326923076923077 0.04326923076923077
2 0.15625 0.7908653846153846 0.061448317307692304 0.058743990384615384
2 0.4963942307692308 0.5048076923076923 0.03590745192307692 0.029146634615384616
2 0.44350961538461536 0.43149038461538464 0.025691105769230768 0.025841346153846152
2 0.08774038461538461 0.3713942307692308 0.017277644230769232 0.017427884615384616
2 0.1045673076923077 0.3485576923076923 0.01201923076923077 0.019230769230769232
2 0.2824519230769231 0.4326923076923077 0.01201923076923077 0.019230769230769232
2 0.18028846153846154 0.2800480769230769 0.009615384615384616 0.019230769230769232
2 0.1971153846153846 0.2776442307692308 0.014573317307692308 0.019230769230769232
2 0.7908653846153846 0.4411057692307692 0.014723557692307692 0.021334134615384616
2 0.019230769230769232 0.2620192307692308 0.03786057692307692 0.033052884615384616