2 0.1622596153846154 0.9483173076923077 0.04807692307692308 0.09885817307692307
2 0.8858173076923077 0.6081730769230769 0.01622596153846154 0.015174278846153846
2 0.5516826923076923 0.6466346153846154 0.036207932692307696 0.033353365384615384
2 0.49759615384615385 0.5504807692307693 0.024338942307692308 0.024188701923076924
2 0.3245192307692308 0.5348557692307693 0.013822115384615384 0.012620192307692308
2 0.12620192307692307 0.44471153846153844 0.014423076923076924 0.019230769230769232
2 0.14423076923076922 0.41947115384615385 0.009765625 0.014423076923076924
2 0.05048076923076923 0.3016826923076923 0.07151442307692307 0.05498798076923077
2 0.23076923076923078 0.3485576923076923 0.009615384615384616 0.014423076923076924
2 0.24879807692307693 0.35216346153846156 0.014423076923076924 0.016826923076923076
2 0.6129807692307693 0.31490384615384615 0.014573317307692308 0.014723557692307692