0 0.5769230769230769 0.8341346153846154 0.04221754807692308 0.042367788461538464
0 0.6875 0.38822115384615385 0.019831730769230768 0.04056490384615385
0 0.5925480769230769 0.15625 0.017427884615384616 0.018780048076923076
0 0.8305288461538461 0.008413461538461538 0.021634615384615384 0.016826923076923076
2 0.9723557692307693 0.6274038461538461 0.01201923076923077 0.019381009615384616
2 0.6358173076923077 0.40625 0.02674278846153846 0.04296875
2 0.3401442307692308 0.7043269230769231 0.04537259615384615 0.04417067307692308
2 0.20432692307692307 0.5973557692307693 0.014573317307692308 0.021484375
2 0.078125 0.09735576923076923 0.021634615384615384 0.03365384615384615
2 0.0829326923076923 0.2247596153846154 0.016526442307692308 0.021334134615384616
2 0.11778846153846154 0.24519230769230768 0.014423076923076924 0.052734375