0 0.5805288461538461 0.8365384615384616 0.044921875 0.043569711538461536
0 0.6875 0.38822115384615385 0.029747596153846152 0.030498798076923076
0 0.5925480769230769 0.15625 0.016826923076923076 0.019381009615384616
0 0.8317307692307693 0.008413461538461538 0.028545673076923076 0.01201923076923077
2 0.9747596153846154 0.6286057692307693 0.019230769230769232 0.020582932692307692
2 0.6346153846153846 0.40865384615384615 0.0390625 0.0390625
2 0.3401442307692308 0.7019230769230769 0.049879807692307696 0.048677884615384616
2 0.20552884615384615 0.5973557692307693 0.019230769230769232 0.020733173076923076
2 0.07692307692307693 0.09615384615384616 0.029146634615384616 0.028846153846153848
2 0.08413461538461539 0.2247596153846154 0.014723557692307692 0.026292067307692308
2 0.11778846153846154 0.24278846153846154 0.014423076923076924 0.052734375