0 0.5805288461538461 0.8365384615384616 0.021484375 0.06700721153846154
0 0.6875 0.38822115384615385 0.01953125 0.04071514423076923
0 0.5925480769230769 0.15625 0.017427884615384616 0.01893028846153846
0 0.8305288461538461 0.008413461538461538 0.021634615384615384 0.016826923076923076
2 0.9747596153846154 0.6286057692307693 0.016826923076923076 0.021935096153846152
2 0.6346153846153846 0.40865384615384615 0.029447115384615384 0.048677884615384616
2 0.3401442307692308 0.7019230769230769 0.049879807692307696 0.048677884615384616
2 0.20552884615384615 0.5973557692307693 0.016826923076923076 0.021784855769230768
2 0.07692307692307693 0.09615384615384616 0.024188701923076924 0.03365384615384615
2 0.08413461538461539 0.2247596153846154 0.015024038461538462 0.026141826923076924
2 0.11778846153846154 0.24278846153846154 0.03365384615384615 0.03350360576923077