0 0.578125 0.8353365384615384 0.019230769230769232 0.06505408653846154
0 0.6875 0.38822115384615385 0.029747596153846152 0.030498798076923076
0 0.5949519230769231 0.15625 0.016826923076923076 0.019381009615384616
0 0.8317307692307693 0.008413461538461538 0.02869591346153846 0.01201923076923077
2 0.9747596153846154 0.6286057692307693 0.016826923076923076 0.021784855769230768
2 0.6346153846153846 0.40865384615384615 0.029146634615384616 0.04837740384615385
2 0.3401442307692308 0.7019230769230769 0.036057692307692304 0.0625
2 0.20552884615384615 0.5973557692307693 0.016826923076923076 0.021935096153846152
2 0.07692307692307693 0.09615384615384616 0.028996394230769232 0.028846153846153848
2 0.08413461538461539 0.2247596153846154 0.015024038461538462 0.026141826923076924
2 0.11778846153846154 0.24278846153846154 0.03365384615384615 0.03350360576923077