0 0.6382211538461539 0.9771634615384616 0.04567307692307692 0.04567307692307692
0 0.30649038461538464 0.5108173076923077 0.040865384615384616 0.028846153846153848
0 0.7451923076923077 0.15625 0.014573317307692308 0.024188701923076924
0 0.6045673076923077 0.01201923076923077 0.021634615384615384 0.019230769230769232
2 0.3112980769230769 0.42908653846153844 0.036057692307692304 0.06986177884615384
2 0.3485576923076923 0.15625 0.08173076923076923 0.0625
2 0.765625 0.21875 0.05543870192307692 0.05303485576923077
2 0.8377403846153846 0.31009615384615385 0.017427884615384616 0.01893028846153846
2 0.8966346153846154 0.27524038461538464 0.019230769230769232 0.026292067307692308
2 0.3173076923076923 0.3762019230769231 0.014573317307692308 0.019230769230769232
2 0.3401442307692308 0.359375 0.021634615384615384 0.021784855769230768