0 0.6382211538461539 0.9771634615384616 0.04567307692307692 0.04567307692307692
0 0.30649038461538464 0.5108173076923077 0.040865384615384616 0.028846153846153848
0 0.7451923076923077 0.15625 0.019381009615384616 0.019381009615384616
0 0.6045673076923077 0.01201923076923077 0.021634615384615384 0.019230769230769232
2 0.3112980769230769 0.42908653846153844 0.036057692307692304 0.07001201923076923
2 0.3485576923076923 0.15625 0.07211538461538461 0.07211538461538461
2 0.765625 0.21875 0.05498798076923077 0.053786057692307696
2 0.8377403846153846 0.31009615384615385 0.01201923076923077 0.024188701923076924
2 0.8966346153846154 0.27524038461538464 0.019230769230769232 0.026292067307692308
2 0.3173076923076923 0.3762019230769231 0.018329326923076924 0.016826923076923076
2 0.3401442307692308 0.359375 0.016826923076923076 0.026592548076923076