0 0.24519230769230768 0.8125 0.048677884615384616 0.047475961538461536
0 0.7620192307692307 0.3088942307692308 0.024639423076923076 0.025841346153846152
0 0.5997596153846154 0.12139423076923077 0.027043269230769232 0.027043269230769232
2 0.25240384615384615 0.6971153846153846 0.04296875 0.10576923076923077
2 0.3088942307692308 0.31971153846153844 0.08849158653846154 0.0869891826923077
2 0.7932692307692307 0.3954326923076923 0.07767427884615384 0.07857572115384616
2 0.6742788461538461 0.35336538461538464 0.016826923076923076 0.015625
2 0.9495192307692307 0.4723557692307692 0.028996394230769232 0.03125
2 0.8245192307692307 0.3161057692307692 0.014423076923076924 0.021334134615384616
2 0.2620192307692308 0.6225961538461539 0.014573317307692308 0.019381009615384616
2 0.29086538461538464 0.5973557692307693 0.023737980769230768 0.04326923076923077