0 0.22355769230769232 0.90625 0.047776442307692304 0.04837740384615385
0 0.7644230769230769 0.35336538461538464 0.02403846153846154 0.0234375
0 0.5973557692307693 0.15384615384615385 0.026292067307692308 0.028846153846153848
2 0.23317307692307693 0.7800480769230769 0.09164663461538461 0.0928485576923077
2 0.29447115384615385 0.36177884615384615 0.09359975961538461 0.09840745192307693
2 0.8028846153846154 0.43990384615384615 0.072265625 0.08668870192307693
2 0.8834134615384616 0.5709134615384616 0.01171875 0.028846153846153848
2 0.9591346153846154 0.5252403846153846 0.03395432692307692 0.03560697115384615
2 0.6754807692307693 0.39783653846153844 0.014573317307692308 0.026292067307692308
2 0.828125 0.3557692307692308 0.016676682692307692 0.024188701923076924
2 0.24639423076923078 0.6923076923076923 0.02403846153846154 0.024338942307692308
2 0.2764423076923077 0.6634615384615384 0.034555288461538464 0.037259615384615384