0 0.22355769230769232 0.90625 0.052584134615384616 0.043569711538461536
0 0.7644230769230769 0.35336538461538464 0.02403846153846154 0.023737980769230768
0 0.5973557692307693 0.15384615384615385 0.026292067307692308 0.028846153846153848
2 0.23317307692307693 0.7800480769230769 0.091796875 0.09299879807692307
2 0.29447115384615385 0.36177884615384615 0.0948016826923077 0.0948016826923077
2 0.8028846153846154 0.43990384615384615 0.08067908653846154 0.08067908653846154
2 0.8834134615384616 0.5709134615384616 0.02088341346153846 0.021033653846153848
2 0.9591346153846154 0.5252403846153846 0.03395432692307692 0.03560697115384615
2 0.6754807692307693 0.39783653846153844 0.014573317307692308 0.026292067307692308
2 0.828125 0.3557692307692308 0.016676682692307692 0.024188701923076924
2 0.24639423076923078 0.6923076923076923 0.019230769230769232 0.029146634615384616
2 0.2764423076923077 0.6634615384615384 0.023737980769230768 0.04807692307692308