0 0.6574519230769231 0.4651442307692308 0.022235576923076924 0.022235576923076924
0 0.4519230769230769 0.25841346153846156 0.027644230769230768 0.026442307692307692
2 0.13581730769230768 0.9795673076923077 0.03125 0.03125
2 0.1310096153846154 0.5817307692307693 0.10366586538461539 0.12049278846153846
2 0.8341346153846154 0.5625 0.023137019230769232 0.020432692307692308
2 0.8786057692307693 0.6298076923076923 0.03155048076923077 0.03365384615384615
2 0.9807692307692307 0.6995192307692307 0.033804086538461536 0.03365384615384615
2 0.7091346153846154 0.5600961538461539 0.09149639423076923 0.09149639423076923
2 0.7223557692307693 0.4567307692307692 0.019230769230769232 0.024188701923076924
2 0.8112980769230769 0.703125 0.014423076923076924 0.03125
2 0.08653846153846154 0.014423076923076924 0.027794471153846152 0.027794471153846152
2 0.24639423076923078 0.040865384615384616 0.019230769230769232 0.019080528846153848
2 0.8858173076923077 0.37259615384615385 0.045823317307692304 0.03831129807692308