0 0.6935096153846154 0.5396634615384616 0.016826923076923076 0.03365384615384615
0 0.4855769230769231 0.30408653846153844 0.027644230769230768 0.026442307692307692
2 0.140625 0.6430288461538461 0.1268028846153846 0.1268028846153846
2 0.5985576923076923 0.6141826923076923 0.014573317307692308 0.021484375
2 0.12139423076923077 0.9891826923076923 0.017427884615384616 0.017277644230769232
2 0.5108173076923077 0.8834134615384616 0.025540865384615384 0.025841346153846152
2 0.8149038461538461 0.7932692307692307 0.023137019230769232 0.020282451923076924
2 0.8533653846153846 0.8125 0.014423076923076924 0.03365384615384615
2 0.8798076923076923 0.6634615384615384 0.019230769230769232 0.029447115384615384
2 0.9302884615384616 0.7391826923076923 0.0390625 0.040414663461538464
2 0.9831730769230769 0.765625 0.014122596153846154 0.03590745192307692
2 0.7403846153846154 0.6610576923076923 0.06265024038461539 0.10111177884615384
2 0.7644230769230769 0.5348557692307693 0.018780048076923076 0.017578125
2 0.9350961538461539 0.45072115384615385 0.04807692307692308 0.04071514423076923
2 0.12139423076923077 0.027644230769230768 0.02403846153846154 0.03125