1 0.5036057692307693 0.21514423076923078 0.017427884615384616 0.017427884615384616
1 0.39903846153846156 0.2620192307692308 0.14888822115384615 0.14903846153846154
2 0.1622596153846154 0.8798076923076923 0.22596153846153846 0.22581129807692307
2 0.1201923076923077 0.734375 0.014723557692307692 0.014423076923076924
2 0.1622596153846154 0.6286057692307693 0.031099759615384616 0.021484375
2 0.34134615384615385 0.6081730769230769 0.024639423076923076 0.025240384615384616
2 0.4050480769230769 0.5949519230769231 0.027043269230769232 0.026893028846153848
2 0.6935096153846154 0.8930288461538461 0.04326923076923077 0.04462139423076923
2 0.9543269230769231 0.828125 0.09104567307692307 0.04056490384615385
2 0.5276442307692307 0.2668269230769231 0.0751201923076923 0.07692307692307693
2 0.625 0.3245192307692308 0.06640625 0.06310096153846154
2 0.4362980769230769 0.09975961538461539 0.021484375 0.05048076923076923
2 0.31850961538461536 0.10697115384615384 0.03125 0.031400240384615384
2 0.8004807692307693 0.34615384615384615 0.02283653846153846 0.023137019230769232
2 0.5060096153846154 0.8076923076923077 0.038461538461538464 0.09119591346153846
2 0.6033653846153846 0.5216346153846154 0.024188701923076924 0.18254206730769232
2 0.45913461538461536 0.019230769230769232 0.033353365384615384 0.03395432692307692
2 0.5504807692307693 0.10576923076923077 0.11177884615384616 0.1141826923076923