1 0.5036057692307693 0.21514423076923078 0.017427884615384616 0.017427884615384616
1 0.39903846153846156 0.2620192307692308 0.14888822115384615 0.14903846153846154
2 0.1622596153846154 0.8798076923076923 0.2403846153846154 0.21138822115384615
2 0.1201923076923077 0.734375 0.009915865384615384 0.019230769230769232
2 0.1622596153846154 0.6286057692307693 0.026292067307692308 0.026292067307692308
2 0.34134615384615385 0.6081730769230769 0.01893028846153846 0.03365384615384615
2 0.4050480769230769 0.5949519230769231 0.027043269230769232 0.026893028846153848
2 0.6935096153846154 0.8930288461538461 0.04326923076923077 0.04462139423076923
2 0.9543269230769231 0.828125 0.09119591346153846 0.04071514423076923
2 0.5276442307692307 0.2668269230769231 0.0751201923076923 0.07692307692307693
2 0.625 0.3245192307692308 0.06625600961538461 0.0634014423076923
2 0.4362980769230769 0.09975961538461539 0.035757211538461536 0.036057692307692304
2 0.31850961538461536 0.10697115384615384 0.036057692307692304 0.026592548076923076
2 0.8004807692307693 0.34615384615384615 0.019230769230769232 0.024338942307692308
2 0.5060096153846154 0.8076923076923077 0.038461538461538464 0.09104567307692307
2 0.6033653846153846 0.5216346153846154 0.10471754807692307 0.10201322115384616
2 0.45913461538461536 0.019230769230769232 0.03350360576923077 0.033804086538461536
2 0.5504807692307693 0.10576923076923077 0.019230769230769232 0.20673076923076922