1 0.39783653846153844 0.25841346153846156 0.146484375 0.14678485576923078
1 0.5036057692307693 0.21514423076923078 0.017427884615384616 0.017427884615384616
2 0.1622596153846154 0.8798076923076923 0.22596153846153846 0.22581129807692307
2 0.1201923076923077 0.734375 0.010216346153846154 0.019230769230769232
2 0.1622596153846154 0.6286057692307693 0.030949519230769232 0.021334134615384616
2 0.34134615384615385 0.6081730769230769 0.01893028846153846 0.03365384615384615
2 0.4050480769230769 0.5949519230769231 0.027043269230769232 0.026893028846153848
2 0.6935096153846154 0.8930288461538461 0.03125 0.05543870192307692
2 0.9543269230769231 0.828125 0.06640625 0.06520432692307693
2 0.5276442307692307 0.2668269230769231 0.07932692307692307 0.07241586538461539
2 0.625 0.3245192307692308 0.0772235576923077 0.05228365384615385
2 0.4362980769230769 0.09975961538461539 0.021484375 0.05048076923076923
2 0.31850961538461536 0.10697115384615384 0.036057692307692304 0.026592548076923076
2 0.8004807692307693 0.34615384615384615 0.019230769230769232 0.024188701923076924
2 0.5060096153846154 0.8076923076923077 0.06490384615384616 0.0635516826923077
2 0.6033653846153846 0.5216346153846154 0.024338942307692308 0.18239182692307693
2 0.45913461538461536 0.019230769230769232 0.033353365384615384 0.03395432692307692
2 0.5504807692307693 0.10576923076923077 0.019230769230769232 0.20673076923076922