1 0.5036057692307693 0.21514423076923078 0.019230769230769232 0.016826923076923076
1 0.39783653846153844 0.25961538461538464 0.1853966346153846 0.10576923076923077
2 0.1622596153846154 0.8798076923076923 0.2403846153846154 0.21138822115384615
2 0.1201923076923077 0.734375 0.014723557692307692 0.014423076923076924
2 0.1622596153846154 0.6286057692307693 0.031099759615384616 0.021484375
2 0.34134615384615385 0.6081730769230769 0.01893028846153846 0.03365384615384615
2 0.4050480769230769 0.5949519230769231 0.014423076923076924 0.04071514423076923
2 0.6935096153846154 0.8930288461538461 0.03125 0.055588942307692304
2 0.9543269230769231 0.828125 0.09119591346153846 0.04071514423076923
2 0.5276442307692307 0.2668269230769231 0.07932692307692307 0.07241586538461539
2 0.625 0.3245192307692308 0.0770733173076923 0.052584134615384616
2 0.4362980769230769 0.09975961538461539 0.021484375 0.05048076923076923
2 0.31850961538461536 0.10697115384615384 0.036057692307692304 0.026592548076923076
2 0.8004807692307693 0.34615384615384615 0.019230769230769232 0.024188701923076924
2 0.5060096153846154 0.8076923076923077 0.038461538461538464 0.09104567307692307
2 0.6033653846153846 0.5216346153846154 0.024188701923076924 0.18254206730769232
2 0.45913461538461536 0.019230769230769232 0.03350360576923077 0.033804086538461536
2 0.5504807692307693 0.10576923076923077 0.019230769230769232 0.20673076923076922