1 0.5024038461538461 0.2127403846153846 0.01893028846153846 0.017427884615384616
1 0.39903846153846156 0.25961538461538464 0.14543269230769232 0.14543269230769232
2 0.1622596153846154 0.8798076923076923 0.2403846153846154 0.21123798076923078
2 0.1201923076923077 0.734375 0.014723557692307692 0.014423076923076924
2 0.1622596153846154 0.6286057692307693 0.031099759615384616 0.021484375
2 0.34134615384615385 0.6081730769230769 0.01893028846153846 0.03365384615384615
2 0.4050480769230769 0.5949519230769231 0.027043269230769232 0.02674278846153846
2 0.6935096153846154 0.8930288461538461 0.03125 0.05543870192307692
2 0.9543269230769231 0.828125 0.06640625 0.06520432692307693
2 0.5276442307692307 0.2668269230769231 0.07932692307692307 0.07241586538461539
2 0.625 0.3245192307692308 0.06640625 0.06310096153846154
2 0.4362980769230769 0.09975961538461539 0.021484375 0.05048076923076923
2 0.31850961538461536 0.10697115384615384 0.03125 0.031400240384615384
2 0.8004807692307693 0.34615384615384615 0.019230769230769232 0.024188701923076924
2 0.5060096153846154 0.8076923076923077 0.038461538461538464 0.09104567307692307
2 0.6033653846153846 0.5216346153846154 0.10471754807692307 0.10201322115384616
2 0.45913461538461536 0.019230769230769232 0.03350360576923077 0.033804086538461536
2 0.5504807692307693 0.10576923076923077 0.019230769230769232 0.20673076923076922