1 0.5012019230769231 0.21514423076923078 0.019230769230769232 0.019230769230769232
1 0.40024038461538464 0.25841346153846156 0.1875 0.103515625
2 0.1622596153846154 0.8870192307692307 0.2403846153846154 0.21138822115384615
2 0.1201923076923077 0.734375 0.009915865384615384 0.019230769230769232
2 0.1622596153846154 0.6286057692307693 0.026442307692307692 0.02674278846153846
2 0.3401442307692308 0.6069711538461539 0.03125 0.031099759615384616
2 0.40625 0.59375 0.014573317307692308 0.043118990384615384
2 0.6935096153846154 0.8942307692307693 0.031400240384615384 0.057542067307692304
2 0.9495192307692307 0.8317307692307693 0.0635516826923077 0.06625600961538461
2 0.5276442307692307 0.2668269230769231 0.07932692307692307 0.07241586538461539
2 0.6213942307692307 0.3269230769230769 0.060697115384615384 0.0625
2 0.4362980769230769 0.10096153846153846 0.03064903846153846 0.029447115384615384
2 0.31850961538461536 0.10697115384615384 0.036057692307692304 0.026592548076923076
2 0.8004807692307693 0.3473557692307692 0.014573317307692308 0.021484375
2 0.5048076923076923 0.8125 0.03831129807692308 0.10081129807692307
2 0.6045673076923077 0.5276442307692307 0.1044170673076923 0.1044170673076923
2 0.4579326923076923 0.020432692307692308 0.03365384615384615 0.035006009615384616
2 0.5504807692307693 0.10576923076923077 0.11177884615384616 0.11448317307692307