1 0.5012019230769231 0.21514423076923078 0.021634615384615384 0.016826923076923076
1 0.40024038461538464 0.25841346153846156 0.14603365384615385 0.1463341346153846
2 0.1622596153846154 0.8870192307692307 0.2403846153846154 0.21138822115384615
2 0.1201923076923077 0.734375 0.014723557692307692 0.014423076923076924
2 0.1622596153846154 0.6286057692307693 0.03125 0.021784855769230768
2 0.3401442307692308 0.6069711538461539 0.021634615384615384 0.04071514423076923
2 0.40625 0.59375 0.028996394230769232 0.02869591346153846
2 0.6935096153846154 0.8942307692307693 0.04537259615384615 0.043569711538461536
2 0.9495192307692307 0.8317307692307693 0.09119591346153846 0.03861177884615385
2 0.5276442307692307 0.2668269230769231 0.07932692307692307 0.07241586538461539
2 0.6213942307692307 0.3269230769230769 0.060697115384615384 0.06219951923076923
2 0.4362980769230769 0.10096153846153846 0.03064903846153846 0.029447115384615384
2 0.31850961538461536 0.10697115384615384 0.03125 0.03155048076923077
2 0.8004807692307693 0.3473557692307692 0.01893028846153846 0.017127403846153848
2 0.5048076923076923 0.8125 0.068359375 0.068359375
2 0.6045673076923077 0.5276442307692307 0.1044170673076923 0.1044170673076923
2 0.4579326923076923 0.020432692307692308 0.03125 0.03635817307692308
2 0.5504807692307693 0.10576923076923077 0.019230769230769232 0.20703125