1 0.5024038461538461 0.21514423076923078 0.01817908653846154 0.016826923076923076
1 0.39903846153846156 0.2620192307692308 0.1873497596153846 0.10561899038461539
2 0.1622596153846154 0.890625 0.22355769230769232 0.21875
2 0.11778846153846154 0.7463942307692307 0.02013221153846154 0.021334134615384616
2 0.1622596153846154 0.640625 0.017127403846153848 0.017427884615384616
2 0.3401442307692308 0.6189903846153846 0.019230769230769232 0.03635817307692308
2 0.4050480769230769 0.6033653846153846 0.028846153846153848 0.028846153846153848
2 0.6959134615384616 0.9134615384615384 0.044771634615384616 0.043569711538461536
2 0.9591346153846154 0.8473557692307693 0.058443509615384616 0.059645432692307696
2 0.8028846153846154 0.34975961538461536 0.01893028846153846 0.017127403846153848
2 0.5276442307692307 0.2692307692307692 0.07977764423076923 0.08143028846153846
2 0.6286057692307693 0.33413461538461536 0.05588942307692308 0.057241586538461536
2 0.31850961538461536 0.10817307692307693 0.036057692307692304 0.024338942307692308
2 0.4375 0.10697115384615384 0.030048076923076924 0.03125
2 0.5084134615384616 0.8269230769230769 0.031400240384615384 0.09615384615384616
2 0.46153846153846156 0.020432692307692308 0.033353365384615384 0.03200120192307692
2 0.5504807692307693 0.10697115384615384 0.11568509615384616 0.11733774038461539
2 0.6045673076923077 0.5324519230769231 0.10712139423076923 0.10576923076923077