1 0.5060096153846154 0.22956730769230768 0.017878605769230768 0.019230769230769232
1 0.40024038461538464 0.27524038461538464 0.19020432692307693 0.10817307692307693
2 0.18028846153846154 0.9122596153846154 0.1971153846153846 0.17548076923076922
2 0.10817307692307693 0.7824519230769231 0.01953125 0.02674278846153846
2 0.15504807692307693 0.6658653846153846 0.02403846153846154 0.019230769230769232
2 0.33774038461538464 0.640625 0.019230769230769232 0.04326923076923077
2 0.4026442307692308 0.6286057692307693 0.030348557692307692 0.03064903846153846
2 0.703125 0.9591346153846154 0.036207932692307696 0.072265625
2 0.9567307692307693 0.8786057692307693 0.0674579326923077 0.04071514423076923
2 0.8088942307692307 0.36899038461538464 0.016676682692307692 0.026292067307692308
2 0.5264423076923077 0.2824519230769231 0.08173076923076923 0.08173076923076923
2 0.6370192307692307 0.3557692307692308 0.08653846153846154 0.048677884615384616
2 0.31490384615384615 0.11658653846153846 0.03395432692307692 0.026292067307692308
2 0.4375 0.11298076923076923 0.019230769230769232 0.05228365384615385
2 0.5084134615384616 0.8629807692307693 0.06565504807692307 0.06655649038461539
2 0.5528846153846154 0.10817307692307693 0.01953125 0.21168870192307693
2 0.46153846153846156 0.019230769230769232 0.038161057692307696 0.033804086538461536
2 0.6081730769230769 0.5564903846153846 0.024188701923076924 0.19005408653846154