1 0.5012019230769231 0.23677884615384615 0.02088341346153846 0.021033653846153848
1 0.3954326923076923 0.28725961538461536 0.1971153846153846 0.10817307692307693
2 0.1935096153846154 0.9254807692307693 0.14708533653846154 0.1485877403846154
2 0.1466346153846154 0.6947115384615384 0.02283653846153846 0.020282451923076924
2 0.09975961538461539 0.8088942307692307 0.021634615384615384 0.03125
2 0.3329326923076923 0.6658653846153846 0.03545673076923077 0.034254807692307696
2 0.40024038461538464 0.6526442307692307 0.016676682692307692 0.041015625
2 0.6862980769230769 0.9591346153846154 0.06490384615384616 0.06370192307692307
2 0.9627403846153846 0.90625 0.07451923076923077 0.052584134615384616
2 0.5252403846153846 0.2920673076923077 0.08413461538461539 0.0887920673076923
2 0.6213942307692307 0.3629807692307692 0.0546875 0.053335336538461536
2 0.30649038461538464 0.12259615384615384 0.02208533653846154 0.023587740384615384
2 0.4338942307692308 0.12259615384615384 0.03125 0.03275240384615385
2 0.8112980769230769 0.38341346153846156 0.021484375 0.021484375
2 0.5060096153846154 0.8894230769230769 0.07016225961538461 0.0713641826923077
2 0.5528846153846154 0.11658653846153846 0.12560096153846154 0.126953125
2 0.46875 0.02403846153846154 0.04807692307692308 0.04807692307692308
2 0.6057692307692307 0.5757211538461539 0.028545673076923076 0.20192307692307693