1 0.5036057692307693 0.24759615384615385 0.016826923076923076 0.018329326923076924
1 0.39663461538461536 0.296875 0.1544471153846154 0.15579927884615385
2 0.21153846153846154 0.9411057692307693 0.11598557692307693 0.11703725961538461
2 0.3317307692307692 0.6875 0.019230769230769232 0.043118990384615384
2 0.40024038461538464 0.6742788461538461 0.01201923076923077 0.04326923076923077
2 0.6802884615384616 0.9723557692307693 0.038461538461538464 0.050631009615384616
2 0.8185096153846154 0.3954326923076923 0.014423076923076924 0.026292067307692308
2 0.3088942307692308 0.12860576923076922 0.031099759615384616 0.031400240384615384
2 0.4338942307692308 0.12860576923076922 0.031099759615384616 0.03125
2 0.39663461538461536 0.008413461538461538 0.01397235576923077 0.012620192307692308
2 0.5276442307692307 0.30288461538461536 0.08413461538461539 0.09119591346153846
2 0.6213942307692307 0.37259615384615385 0.04807692307692308 0.03831129807692308
2 0.5072115384615384 0.921875 0.072265625 0.07211538461538461
2 0.5552884615384616 0.12259615384615384 0.1310096153846154 0.13356370192307693
2 0.4723557692307692 0.026442307692307692 0.052884615384615384 0.04807692307692308
2 0.6105769230769231 0.5925480769230769 0.028996394230769232 0.21409254807692307