1 0.5084134615384616 0.2692307692307692 0.020733173076923076 0.019230769230769232
1 0.39903846153846156 0.31971153846153844 0.15880408653846154 0.15850360576923078
2 0.23076923076923078 0.96875 0.05784254807692308 0.0625
2 0.5132211538461539 0.9579326923076923 0.05634014423076923 0.05634014423076923
2 0.3293269230769231 0.7283653846153846 0.03245192307692308 0.03245192307692308
2 0.40024038461538464 0.7139423076923077 0.031850961538461536 0.03290264423076923
2 0.8293269230769231 0.4254807692307692 0.014573317307692308 0.02869591346153846
2 0.5300480769230769 0.3293269230769231 0.07932692307692307 0.08188100961538461
2 0.6310096153846154 0.40384615384615385 0.0625 0.043118990384615384
2 0.3137019230769231 0.14543269230769232 0.03590745192307692 0.028846153846153848
2 0.43990384615384615 0.14423076923076922 0.033052884615384616 0.030048076923076924
2 0.40024038461538464 0.019230769230769232 0.016676682692307692 0.019230769230769232
2 0.8305288461538461 0.020432692307692308 0.03665865384615385 0.03680889423076923
2 0.39663461538461536 0.040865384615384616 0.01532451923076923 0.015625
2 0.38100961538461536 0.015625 0.016826923076923076 0.016826923076923076
2 0.6165865384615384 0.6346153846153846 0.12319711538461539 0.12454927884615384
2 0.5612980769230769 0.13581730769230768 0.021634615384615384 0.2668269230769231
2 0.47596153846153844 0.038461538461538464 0.057692307692307696 0.057992788461538464