1 0.5036057692307693 0.3161057692307692 0.021634615384615384 0.019230769230769232
1 0.3894230769230769 0.3701923076923077 0.16376201923076922 0.16316105769230768
2 0.11658653846153846 0.84375 0.016826923076923076 0.01817908653846154
2 0.31850961538461536 0.8161057692307693 0.03155048076923077 0.031850961538461536
2 0.390625 0.7980769230769231 0.031850961538461536 0.033203125
2 0.8365384615384616 0.48197115384615385 0.014723557692307692 0.014423076923076924
2 0.5228365384615384 0.36899038461538464 0.09359975961538461 0.103515625
2 0.6370192307692307 0.46153846153846156 0.056790865384615384 0.056490384615384616
2 0.3004807692307692 0.18389423076923078 0.03350360576923077 0.026292067307692308
2 0.43149038461538464 0.18389423076923078 0.03365384615384615 0.035006009615384616
2 0.39302884615384615 0.051682692307692304 0.013070913461538462 0.014423076923076924
2 0.3870192307692308 0.07451923076923077 0.009615384615384616 0.014423076923076924
2 0.37259615384615385 0.05048076923076923 0.009915865384615384 0.014423076923076924
2 0.8353365384615384 0.046875 0.049429086538461536 0.049429086538461536
2 0.6177884615384616 0.7115384615384616 0.033353365384615384 0.24489182692307693
2 0.5552884615384616 0.16706730769230768 0.16301081730769232 0.16150841346153846
2 0.4699519230769231 0.0673076923076923 0.064453125 0.06280048076923077