1 0.5036057692307693 0.3161057692307692 0.021634615384615384 0.019230769230769232
1 0.3894230769230769 0.3701923076923077 0.16376201923076922 0.16316105769230768
2 0.11658653846153846 0.84375 0.014423076923076924 0.019381009615384616
2 0.31850961538461536 0.8161057692307693 0.021484375 0.04326923076923077
2 0.390625 0.7980769230769231 0.01201923076923077 0.05303485576923077
2 0.8365384615384616 0.48197115384615385 0.014723557692307692 0.014423076923076924
2 0.5228365384615384 0.36899038461538464 0.09344951923076923 0.10366586538461539
2 0.6370192307692307 0.46153846153846156 0.0674579326923077 0.04326923076923077
2 0.3004807692307692 0.18389423076923078 0.03350360576923077 0.026292067307692308
2 0.43149038461538464 0.18389423076923078 0.03365384615384615 0.035006009615384616
2 0.39302884615384615 0.051682692307692304 0.012920673076923076 0.014423076923076924
2 0.3870192307692308 0.07451923076923077 0.009615384615384616 0.014423076923076924
2 0.37259615384615385 0.05048076923076923 0.009915865384615384 0.014423076923076924
2 0.8353365384615384 0.046875 0.041015625 0.05543870192307692
2 0.6177884615384616 0.7115384615384616 0.03350360576923077 0.24504206730769232
2 0.5552884615384616 0.16706730769230768 0.019381009615384616 0.30513822115384615
2 0.4699519230769231 0.0673076923076923 0.060396634615384616 0.06670673076923077