1 0.5048076923076923 0.3317307692307692 0.01953125 0.019230769230769232
1 0.3894230769230769 0.3870192307692308 0.2109375 0.13010817307692307
2 0.3112980769230769 0.8521634615384616 0.021484375 0.05048076923076923
2 0.3870192307692308 0.8317307692307693 0.038461538461538464 0.038461538461538464
2 0.8449519230769231 0.5060096153846154 0.016826923076923076 0.016676682692307692
2 0.5300480769230769 0.39663461538461536 0.09359975961538461 0.10576923076923077
2 0.6514423076923077 0.4879807692307692 0.09119591346153846 0.06219951923076923
2 0.29927884615384615 0.1971153846153846 0.030799278846153848 0.029296875
2 0.4338942307692308 0.1935096153846154 0.03545673076923077 0.03545673076923077
2 0.3954326923076923 0.06009615384615385 0.012620192307692308 0.014122596153846154
2 0.8449519230769231 0.056490384615384616 0.05588942307692308 0.055739182692307696
2 0.37259615384615385 0.057692307692307696 0.014423076923076924 0.019230769230769232
2 0.6213942307692307 0.7379807692307693 0.031099759615384616 0.2594651442307692
2 0.4723557692307692 0.07572115384615384 0.059945913461538464 0.06490384615384616
2 0.5588942307692307 0.1658653846153846 0.021634615384615384 0.31189903846153844