1 0.5048076923076923 0.36658653846153844 0.01953125 0.016826923076923076
1 0.38221153846153844 0.42427884615384615 0.17713341346153846 0.1759314903846154
2 0.30528846153846156 0.9302884615384616 0.028996394230769232 0.028846153846153848
2 0.38100961538461536 0.9038461538461539 0.03665865384615385 0.03786057692307692
2 0.5300480769230769 0.4375 0.0889423076923077 0.10546875
2 0.6382211538461539 0.5240384615384616 0.055739182692307696 0.05709134615384615
2 0.2956730769230769 0.22355769230769232 0.034555288461538464 0.034254807692307696
2 0.43028846153846156 0.21875 0.034254807692307696 0.03395432692307692
2 0.36778846153846156 0.07692307692307693 0.014423076923076924 0.01893028846153846
2 0.38461538461538464 0.10576923076923077 0.009915865384615384 0.014423076923076924
2 0.390625 0.07932692307692307 0.01201923076923077 0.01953125
2 0.4182692307692308 0.04447115384615385 0.010817307692307692 0.01201923076923077
2 0.8497596153846154 0.07451923076923077 0.052884615384615384 0.0625
2 0.625 0.8112980769230769 0.029146634615384616 0.2692307692307692
2 0.5576923076923077 0.21754807692307693 0.01953125 0.2932692307692308
2 0.4723557692307692 0.09615384615384616 0.059495192307692304 0.05829326923076923