1 0.6033653846153846 0.6009615384615384 0.02403846153846154 0.02869591346153846
1 0.45552884615384615 0.6574519230769231 0.21153846153846154 0.21003605769230768
2 0.6286057692307693 0.7055288461538461 0.13641826923076922 0.13641826923076922
2 0.7512019230769231 0.8605769230769231 0.0791766826923077 0.08668870192307693
2 0.38100961538461536 0.36658653846153844 0.038461538461538464 0.039963942307692304
2 0.5348557692307693 0.3918269230769231 0.044921875 0.04371995192307692
2 0.5096153846153846 0.19110576923076922 0.019831730769230768 0.02088341346153846
2 0.4987980769230769 0.22596153846153846 0.021033653846153848 0.019681490384615384
2 0.4831730769230769 0.18629807692307693 0.018629807692307692 0.017578125
2 0.9314903846153846 0.05889423076923077 0.031099759615384616 0.07451923076923077
2 0.5564903846153846 0.07091346153846154 0.019230769230769232 0.026292067307692308
2 0.5961538461538461 0.23197115384615385 0.07602163461538461 0.07451923076923077