1 0.6033653846153846 0.6009615384615384 0.02403846153846154 0.02869591346153846
1 0.45552884615384615 0.6574519230769231 0.21153846153846154 0.21003605769230768
2 0.6286057692307693 0.7055288461538461 0.10336538461538461 0.16826923076923078
2 0.7512019230769231 0.8605769230769231 0.0790264423076923 0.0868389423076923
2 0.38100961538461536 0.36658653846153844 0.036057692307692304 0.041015625
2 0.5348557692307693 0.3918269230769231 0.044771634615384616 0.043569711538461536
2 0.5096153846153846 0.19110576923076922 0.019831730769230768 0.020733173076923076
2 0.4987980769230769 0.22596153846153846 0.016826923076923076 0.023888221153846152
2 0.4831730769230769 0.18629807692307693 0.014423076923076924 0.021784855769230768
2 0.9314903846153846 0.05889423076923077 0.031099759615384616 0.07451923076923077
2 0.5564903846153846 0.07091346153846154 0.022235576923076924 0.02208533653846154
2 0.5961538461538461 0.23197115384615385 0.07587139423076923 0.07451923076923077