1 0.609375 0.7271634615384616 0.026893028846153848 0.027043269230769232
1 0.4495192307692308 0.7920673076923077 0.23497596153846154 0.23407451923076922
2 0.6394230769230769 0.8557692307692307 0.11057692307692307 0.1875
2 0.3737980769230769 0.4567307692307692 0.036207932692307696 0.03831129807692308
2 0.5360576923076923 0.48197115384615385 0.04807692307692308 0.04807692307692308
2 0.5072115384615384 0.265625 0.018329326923076924 0.017578125
2 0.4963942307692308 0.296875 0.017878605769230768 0.020582932692307692
2 0.4831730769230769 0.25721153846153844 0.019381009615384616 0.019080528846153848
2 0.5564903846153846 0.12740384615384615 0.016826923076923076 0.01817908653846154
2 0.5456730769230769 0.22115384615384615 0.01532451923076923 0.01817908653846154
2 0.5625 0.23317307692307693 0.014423076923076924 0.014573317307692308
2 0.7199519230769231 0.33653846153846156 0.019230769230769232 0.019080528846153848
2 0.9483173076923077 0.11298076923076923 0.054837740384615384 0.053635817307692304
2 0.5997596153846154 0.30288461538461536 0.08173076923076923 0.08158052884615384
1 0.6153846153846154 0.7692307692307693 0.028996394230769232 0.024188701923076924