1 0.609375 0.7271634615384616 0.026893028846153848 0.027043269230769232
1 0.4495192307692308 0.7920673076923077 0.23497596153846154 0.23407451923076922
2 0.6394230769230769 0.8557692307692307 0.14903846153846154 0.14903846153846154
2 0.3737980769230769 0.4567307692307692 0.036207932692307696 0.03831129807692308
2 0.5360576923076923 0.48197115384615385 0.04807692307692308 0.04807692307692308
2 0.5072115384615384 0.265625 0.014122596153846154 0.021784855769230768
2 0.4963942307692308 0.296875 0.011868990384615384 0.026592548076923076
2 0.4831730769230769 0.25721153846153844 0.014573317307692308 0.023888221153846152
2 0.5564903846153846 0.12740384615384615 0.016826923076923076 0.01817908653846154
2 0.5456730769230769 0.22115384615384615 0.014122596153846154 0.019381009615384616
2 0.5625 0.23317307692307693 0.009615384615384616 0.019381009615384616
2 0.7199519230769231 0.33653846153846156 0.014423076923076924 0.023737980769230768
2 0.9483173076923077 0.11298076923076923 0.054837740384615384 0.053635817307692304
2 0.5997596153846154 0.30288461538461536 0.07692307692307693 0.08638822115384616
1 0.6153846153846154 0.7692307692307693 0.028996394230769232 0.024188701923076924