1 0.6081730769230769 0.7620192307692307 0.024639423076923076 0.03365384615384615
1 0.44350961538461536 0.8353365384615384 0.2859074519230769 0.20432692307692307
2 0.640625 0.9002403846153846 0.11778846153846154 0.19951923076923078
2 0.3605769230769231 0.4807692307692308 0.028996394230769232 0.03831129807692308
2 0.5300480769230769 0.5072115384615384 0.019230769230769232 0.08173076923076923
2 0.47475961538461536 0.2776442307692308 0.017878605769230768 0.017878605769230768
2 0.5012019230769231 0.2824519230769231 0.016826923076923076 0.01697716346153846
2 0.49038461538461536 0.3161057692307692 0.015174278846153846 0.016075721153846152
2 0.7175480769230769 0.3557692307692308 0.017427884615384616 0.018329326923076924
2 0.5384615384615384 0.23798076923076922 0.015024038461538462 0.014723557692307692
2 0.5576923076923077 0.2536057692307692 0.009615384615384616 0.014423076923076924
2 0.5516826923076923 0.14423076923076922 0.01201923076923077 0.01893028846153846
2 0.9471153846153846 0.12620192307692307 0.053786057692307696 0.055288461538461536
2 0.5997596153846154 0.32091346153846156 0.06956129807692307 0.07451923076923077
1 0.6129807692307693 0.8076923076923077 0.02989783653846154 0.032602163461538464