1 0.6081730769230769 0.7620192307692307 0.024639423076923076 0.03365384615384615
1 0.44350961538461536 0.8353365384615384 0.28575721153846156 0.20432692307692307
2 0.640625 0.9002403846153846 0.11778846153846154 0.19951923076923078
2 0.3605769230769231 0.4807692307692308 0.033804086538461536 0.03350360576923077
2 0.5300480769230769 0.5072115384615384 0.019230769230769232 0.08173076923076923
2 0.47475961538461536 0.2776442307692308 0.017878605769230768 0.017878605769230768
2 0.5012019230769231 0.2824519230769231 0.016826923076923076 0.01697716346153846
2 0.49038461538461536 0.3161057692307692 0.01532451923076923 0.015925480769230768
2 0.7175480769230769 0.3557692307692308 0.01201923076923077 0.023888221153846152
2 0.5384615384615384 0.23798076923076922 0.014723557692307692 0.014573317307692308
2 0.5576923076923077 0.2536057692307692 0.009615384615384616 0.014423076923076924
2 0.5516826923076923 0.14423076923076922 0.01622596153846154 0.014723557692307692
2 0.9471153846153846 0.12620192307692307 0.02869591346153846 0.08173076923076923
2 0.5997596153846154 0.32091346153846156 0.06956129807692307 0.07451923076923077
1 0.6129807692307693 0.8076923076923077 0.028545673076923076 0.03395432692307692