1 0.6057692307692307 0.8701923076923077 0.03350360576923077 0.04807692307692308
1 0.43028846153846156 0.9002403846153846 0.23076923076923078 0.19951923076923078
2 0.6033653846153846 0.9567307692307693 0.0635516826923077 0.0635516826923077
2 0.3401442307692308 0.5516826923076923 0.035006009615384616 0.035006009615384616
2 0.5180288461538461 0.5745192307692307 0.016826923076923076 0.10111177884615384
2 0.45913461538461536 0.3245192307692308 0.014723557692307692 0.024188701923076924
2 0.4879807692307692 0.3317307692307692 0.013822115384615384 0.023737980769230768
2 0.5264423076923077 0.2800480769230769 0.014122596153846154 0.019230769230769232
2 0.5372596153846154 0.18028846153846154 0.01622596153846154 0.015024038461538462
2 0.9435096153846154 0.15264423076923078 0.06099759615384615 0.060697115384615384
2 0.7139423076923077 0.4098557692307692 0.014573317307692308 0.019230769230769232
2 0.5841346153846154 0.3786057692307692 0.0770733173076923 0.08909254807692307
1 0.6057692307692307 0.9170673076923077 0.033052884615384616 0.03125