1 0.5901442307692307 0.9819711538461539 0.02403846153846154 0.03590745192307692
1 0.49399038461538464 0.9807692307692307 0.02403846153846154 0.03831129807692308
2 0.2932692307692308 0.6598557692307693 0.038010817307692304 0.036508413461538464
2 0.4855769230769231 0.6754807692307693 0.019381009615384616 0.09615384615384616
2 0.41225961538461536 0.3954326923076923 0.016676682692307692 0.021484375
2 0.44471153846153844 0.39903846153846156 0.019230769230769232 0.019080528846153848
2 0.4326923076923077 0.44471153846153844 0.014573317307692308 0.02869591346153846
2 0.48197115384615385 0.3401442307692308 0.021033653846153848 0.021183894230769232
2 0.5036057692307693 0.3581730769230769 0.01201923076923077 0.019381009615384616
2 0.49158653846153844 0.23076923076923078 0.016826923076923076 0.01817908653846154
2 0.6814903846153846 0.4699519230769231 0.014423076923076924 0.021784855769230768
2 0.90625 0.1814903846153846 0.03395432692307692 0.09134615384615384
2 0.5516826923076923 0.4411057692307692 0.08353365384615384 0.08353365384615384
1 0.6730769230769231 0.7007211538461539 0.028996394230769232 0.3342848557692308