1 0.5901442307692307 0.9819711538461539 0.03064903846153846 0.030348557692307692
1 0.49399038461538464 0.9807692307692307 0.02403846153846154 0.038161057692307696
2 0.2932692307692308 0.6598557692307693 0.03395432692307692 0.04056490384615385
2 0.4855769230769231 0.6754807692307693 0.019381009615384616 0.09615384615384616
2 0.41225961538461536 0.3954326923076923 0.017728365384615384 0.017728365384615384
2 0.44471153846153844 0.39903846153846156 0.019230769230769232 0.019080528846153848
2 0.4326923076923077 0.44471153846153844 0.022986778846153848 0.020282451923076924
2 0.48197115384615385 0.3401442307692308 0.014423076923076924 0.026592548076923076
2 0.5036057692307693 0.3581730769230769 0.01622596153846154 0.01532451923076923
2 0.49158653846153844 0.23076923076923078 0.014423076923076924 0.019381009615384616
2 0.6814903846153846 0.4699519230769231 0.014423076923076924 0.021784855769230768
2 0.90625 0.1814903846153846 0.06265024038461539 0.0625
2 0.5516826923076923 0.4411057692307692 0.07211538461538461 0.09375
1 0.6730769230769231 0.7007211538461539 0.18239182692307693 0.18118990384615385