1 0.5552884615384616 0.057692307692307696 0.028545673076923076 0.07692307692307693
1 0.5661057692307693 0.008413461538461538 0.036057692307692304 0.01201923076923077
2 0.23557692307692307 0.9098557692307693 0.043569711538461536 0.04522235576923077
2 0.45913461538461536 0.9182692307692307 0.024188701923076924 0.13942307692307693
2 0.36899038461538464 0.5564903846153846 0.025691105769230768 0.025841346153846152
2 0.3942307692307692 0.6177884615384616 0.024939903846153848 0.027794471153846152
2 0.4074519230769231 0.5661057692307693 0.016676682692307692 0.026292067307692308
2 0.4567307692307692 0.35216346153846156 0.01532451923076923 0.016075721153846152
2 0.6742788461538461 0.640625 0.014423076923076924 0.021935096153846152
2 0.49399038461538464 0.7572115384615384 0.014423076923076924 0.023888221153846152
2 0.9050480769230769 0.2776442307692308 0.041015625 0.11298076923076923
1 0.671875 0.7512019230769231 0.25961538461538464 0.25961538461538464
2 0.5216346153846154 0.6213942307692307 0.08653846153846154 0.12740384615384615