1 0.5552884615384616 0.057692307692307696 0.052734375 0.052884615384615384
1 0.5661057692307693 0.008413461538461538 0.036057692307692304 0.01201923076923077
2 0.23557692307692307 0.9098557692307693 0.03786057692307692 0.05078125
2 0.45913461538461536 0.9182692307692307 0.024188701923076924 0.13942307692307693
2 0.36899038461538464 0.5564903846153846 0.025691105769230768 0.025841346153846152
2 0.3942307692307692 0.6177884615384616 0.024639423076923076 0.02794471153846154
2 0.4074519230769231 0.5661057692307693 0.021334134615384616 0.021334134615384616
2 0.4567307692307692 0.35216346153846156 0.009915865384615384 0.021484375
2 0.6742788461538461 0.640625 0.017427884615384616 0.017578125
2 0.49399038461538464 0.7572115384615384 0.019230769230769232 0.019080528846153848
2 0.9050480769230769 0.2776442307692308 0.07827524038461539 0.07692307692307693
1 0.671875 0.7512019230769231 0.25961538461538464 0.25961538461538464
2 0.5216346153846154 0.6213942307692307 0.08653846153846154 0.12740384615384615