1 0.5564903846153846 0.07932692307692307 0.05498798076923077 0.053786057692307696
1 0.5625 0.016826923076923076 0.03365384615384615 0.03365384615384615
1 0.5925480769230769 0.003605769230769231 0.007211538461538462 0.007211538461538462
2 0.22115384615384615 0.9783653846153846 0.039663461538461536 0.042067307692307696
2 0.4543269230769231 0.9591346153846154 0.04807692307692308 0.04807692307692308
2 0.49399038461538464 0.8209134615384616 0.021334134615384616 0.021334134615384616
2 0.3894230769230769 0.6754807692307693 0.019381009615384616 0.019230769230769232
2 0.36538461538461536 0.6105769230769231 0.027644230769230768 0.027644230769230768
2 0.4026442307692308 0.6153846153846154 0.01201923076923077 0.028545673076923076
2 0.4543269230769231 0.3870192307692308 0.01893028846153846 0.019381009615384616
2 0.6814903846153846 0.6971153846153846 0.01201923076923077 0.02869591346153846
2 0.9146634615384616 0.3076923076923077 0.07406850961538461 0.07271634615384616
2 0.890625 0.052884615384615384 0.01201923076923077 0.019230769230769232
2 0.5216346153846154 0.6754807692307693 0.08668870192307693 0.14423076923076922
1 0.6754807692307693 0.7632211538461539 0.25390625 0.2527043269230769