1 0.5564903846153846 0.07932692307692307 0.02674278846153846 0.08203125
1 0.5637019230769231 0.016826923076923076 0.040865384615384616 0.028846153846153848
1 0.59375 0.003605769230769231 0.014573317307692308 0.0025540865384615385
2 0.22115384615384615 0.9783653846153846 0.039663461538461536 0.042067307692307696
2 0.4543269230769231 0.9591346153846154 0.04807692307692308 0.04807692307692308
2 0.49399038461538464 0.8209134615384616 0.021484375 0.021484375
2 0.3894230769230769 0.6754807692307693 0.009915865384615384 0.028846153846153848
2 0.36538461538461536 0.6105769230769231 0.019230769230769232 0.03365384615384615
2 0.4026442307692308 0.6153846153846154 0.01201923076923077 0.02869591346153846
2 0.4543269230769231 0.3870192307692308 0.014122596153846154 0.024188701923076924
2 0.6814903846153846 0.6971153846153846 0.021033653846153848 0.019681490384615384
2 0.9146634615384616 0.3076923076923077 0.07406850961538461 0.07271634615384616
2 0.890625 0.052884615384615384 0.01622596153846154 0.015024038461538462
2 0.5216346153846154 0.6754807692307693 0.11553485576923077 0.11538461538461539
1 0.6754807692307693 0.7632211538461539 0.25405649038461536 0.2528545673076923