1 0.5564903846153846 0.1045673076923077 0.026592548076923076 0.083984375
1 0.5649038461538461 0.027644230769230768 0.047776442307692304 0.04642427884615385
1 0.6105769230769231 0.021634615384615384 0.047776442307692304 0.014423076923076924
2 0.39663461538461536 0.6730769230769231 0.014573317307692308 0.028846153846153848
2 0.38341346153846156 0.7355769230769231 0.011868990384615384 0.03365384615384615
2 0.49038461538461536 0.8930288461538461 0.014723557692307692 0.03125
2 0.6838942307692307 0.7608173076923077 0.022235576923076924 0.02208533653846154
2 0.9230769230769231 0.3389423076923077 0.08173076923076923 0.08158052884615384
2 0.359375 0.6622596153846154 0.016676682692307692 0.028846153846153848
2 0.8990384615384616 0.07451923076923077 0.009915865384615384 0.019381009615384616
1 0.6766826923076923 0.7752403846153846 0.036057692307692304 0.4495192307692308
2 0.5216346153846154 0.7367788461538461 0.1201923076923077 0.12229567307692307