1 0.5384615384615384 0.1201923076923077 0.029447115384615384 0.09104567307692307
1 0.5504807692307693 0.038461538461538464 0.04326923076923077 0.06700721153846154
1 0.5949519230769231 0.03365384615384615 0.04807692307692308 0.018629807692307692
2 0.3425480769230769 0.7067307692307693 0.022235576923076924 0.0234375
2 0.38100961538461536 0.7163461538461539 0.016676682692307692 0.028846153846153848
2 0.36899038461538464 0.7824519230769231 0.016676682692307692 0.03590745192307692
2 0.4807692307692308 0.9447115384615384 0.019230769230769232 0.02869591346153846
2 0.6778846153846154 0.7980769230769231 0.020432692307692308 0.023137019230769232
2 0.9170673076923077 0.359375 0.045973557692307696 0.1180889423076923
2 0.8858173076923077 0.08533653846153846 0.014423076923076924 0.014423076923076924
2 0.5120192307692307 0.7680288461538461 0.09149639423076923 0.16571514423076922
1 0.671875 0.7908653846153846 0.040865384615384616 0.4182692307692308