1 0.5384615384615384 0.1201923076923077 0.029447115384615384 0.09104567307692307
1 0.5504807692307693 0.038461538461538464 0.054086538461538464 0.05348557692307692
1 0.5949519230769231 0.03365384615384615 0.04807692307692308 0.018629807692307692
2 0.3425480769230769 0.7067307692307693 0.016826923076923076 0.028846153846153848
2 0.38100961538461536 0.7163461538461539 0.02208533653846154 0.0234375
2 0.36899038461538464 0.7824519230769231 0.026292067307692308 0.026292067307692308
2 0.4807692307692308 0.9447115384615384 0.02403846153846154 0.023737980769230768
2 0.6778846153846154 0.7980769230769231 0.019230769230769232 0.024188701923076924
2 0.9170673076923077 0.359375 0.045823317307692304 0.11793870192307693
2 0.8858173076923077 0.08533653846153846 0.01201923076923077 0.016826923076923076
2 0.5120192307692307 0.7680288461538461 0.12935697115384615 0.12785456730769232
1 0.671875 0.7908653846153846 0.040865384615384616 0.4182692307692308