1 0.5216346153846154 0.13701923076923078 0.062349759615384616 0.0625
1 0.5276442307692307 0.04807692307692308 0.059495192307692304 0.057992788461538464
1 0.5793269230769231 0.04567307692307692 0.052734375 0.014122596153846154
2 0.6742788461538461 0.8413461538461539 0.021484375 0.028846153846153848
2 0.3293269230769231 0.7584134615384616 0.019381009615384616 0.028846153846153848
2 0.36778846153846156 0.765625 0.024639423076923076 0.025691105769230768
2 0.3557692307692308 0.8341346153846154 0.02403846153846154 0.024188701923076924
2 0.4206730769230769 0.49038461538461536 0.022986778846153848 0.020282451923076924
2 0.41586538461538464 0.6622596153846154 0.018629807692307692 0.017127403846153848
2 0.4411057692307692 0.6875 0.017127403846153848 0.01893028846153846
2 0.9050480769230769 0.3737980769230769 0.08473557692307693 0.08473557692307693
2 0.8701923076923077 0.09495192307692307 0.014723557692307692 0.014423076923076924
1 0.6622596153846154 0.7908653846153846 0.04567307692307692 0.4182692307692308
2 0.5 0.8233173076923077 0.09585336538461539 0.166015625
1 0.2283653846153846 0.7451923076923077 0.028545673076923076 0.08623798076923077