1 0.5216346153846154 0.13701923076923078 0.03350360576923077 0.09134615384615384
1 0.5276442307692307 0.04807692307692308 0.05048076923076923 0.06700721153846154
1 0.5793269230769231 0.04567307692307692 0.052734375 0.014122596153846154
2 0.6742788461538461 0.8413461538461539 0.025540865384615384 0.024639423076923076
2 0.3293269230769231 0.7584134615384616 0.024338942307692308 0.02403846153846154
2 0.36778846153846156 0.765625 0.024639423076923076 0.025691105769230768
2 0.3557692307692308 0.8341346153846154 0.02403846153846154 0.024338942307692308
2 0.4206730769230769 0.49038461538461536 0.014573317307692308 0.02869591346153846
2 0.41586538461538464 0.6622596153846154 0.009615384615384616 0.026292067307692308
2 0.4411057692307692 0.6875 0.017277644230769232 0.018780048076923076
2 0.9050480769230769 0.3737980769230769 0.08473557692307693 0.08473557692307693
2 0.8701923076923077 0.09495192307692307 0.009915865384615384 0.019230769230769232
1 0.6622596153846154 0.7908653846153846 0.04567307692307692 0.4182692307692308
2 0.5 0.8233173076923077 0.09585336538461539 0.166015625
1 0.2283653846153846 0.7451923076923077 0.057542067307692304 0.057542067307692304