1 0.5 0.33413461538461536 0.029146634615384616 0.12995793269230768
1 0.5060096153846154 0.21634615384615385 0.05543870192307692 0.0772235576923077
1 0.5625 0.20673076923076922 0.057542067307692304 0.01893028846153846
1 0.6033653846153846 0.030048076923076924 0.06760817307692307 0.055588942307692304
2 0.3713942307692308 0.8870192307692307 0.026442307692307692 0.024939903846153848
2 0.9651442307692307 0.640625 0.045823317307692304 0.12259615384615384
2 0.9122596153846154 0.2620192307692308 0.014423076923076924 0.024188701923076924
2 0.6838942307692307 0.026442307692307692 0.02208533653846154 0.023287259615384616
2 0.020432692307692308 0.042067307692307696 0.016676682692307692 0.021484375
2 0.453125 0.027644230769230768 0.016826923076923076 0.016676682692307692
1 0.5637019230769231 0.859375 0.2185997596153846 0.28125