1 0.42788461538461536 0.890625 0.04837740384615385 0.21875
1 0.4338942307692308 0.6598557692307693 0.11763822115384616 0.11778846153846154
1 0.53125 0.6370192307692307 0.07241586538461539 0.07211538461538461
1 0.5528846153846154 0.3076923076923077 0.09630408653846154 0.09615384615384616
1 0.5769230769230769 0.21875 0.058743990384615384 0.06129807692307692
2 0.9927884615384616 0.6983173076923077 0.014423076923076924 0.026292067307692308
2 0.6574519230769231 0.2932692307692308 0.01201923076923077 0.029447115384615384
2 0.3557692307692308 0.32091346153846156 0.018629807692307692 0.017127403846153848
2 0.14302884615384615 0.027644230769230768 0.022686298076923076 0.022686298076923076
1 0.5901442307692307 0.8533653846153846 0.031099759615384616 0.20673076923076922
1 0.6778846153846154 0.7932692307692307 0.14423076923076922 0.15384615384615385