1 0.5504807692307693 0.6262019230769231 0.11087740384615384 0.18990384615384615
1 0.5805288461538461 0.47836538461538464 0.06971153846153846 0.10111177884615384
2 0.29927884615384615 0.6478365384615384 0.01171875 0.028846153846153848
2 0.6862980769230769 0.5997596153846154 0.03365384615384615 0.03365384615384615
2 0.6658653846153846 0.8341346153846154 0.014122596153846154 0.033353365384615384
2 0.7716346153846154 0.7512019230769231 0.019230769230769232 0.04807692307692308
2 0.3088942307692308 0.7139423076923077 0.009615384615384616 0.02869591346153846
2 0.38461538461538464 0.040865384615384616 0.009615384615384616 0.019230769230769232
2 0.056490384615384616 0.19471153846153846 0.021634615384615384 0.033804086538461536
1 0.5697115384615384 0.9122596153846154 0.023737980769230768 0.17548076923076922
1 0.6129807692307693 0.9723557692307693 0.057692307692307696 0.055288461538461536