1 0.8978365384615384 0.9783653846153846 0.0889423076923077 0.04326923076923077
1 0.9771634615384616 0.9915865384615384 0.02403846153846154 0.016826923076923076
2 0.24879807692307693 0.8305288461538461 0.01201923076923077 0.021784855769230768
2 0.6995192307692307 0.8954326923076923 0.019381009615384616 0.0625
2 0.8245192307692307 0.8557692307692307 0.057692307692307696 0.057542067307692304
2 0.9951923076923077 0.39783653846153844 0.009615384615384616 0.01201923076923077
2 0.33774038461538464 0.15144230769230768 0.016526442307692308 0.03876201923076923
2 0.2932692307692308 0.29927884615384615 0.018629807692307692 0.017578125
2 0.3161057692307692 0.33533653846153844 0.032301682692307696 0.03365384615384615
2 0.01201923076923077 0.4879807692307692 0.019381009615384616 0.05303485576923077
2 0.09975961538461539 0.30528846153846156 0.016676682692307692 0.02869591346153846
2 0.04567307692307692 0.5649038461538461 0.01953125 0.019381009615384616