1 0.8966346153846154 0.9723557692307693 0.0673076923076923 0.055288461538461536
1 0.9759615384615384 0.9903846153846154 0.019230769230769232 0.019230769230769232
2 0.24879807692307693 0.8305288461538461 0.01201923076923077 0.021784855769230768
2 0.6995192307692307 0.8954326923076923 0.01953125 0.0625
2 0.8245192307692307 0.8557692307692307 0.057692307692307696 0.057542067307692304
2 0.9951923076923077 0.39783653846153844 0.009615384615384616 0.01201923076923077
2 0.33774038461538464 0.15144230769230768 0.016676682692307692 0.03861177884615385
2 0.2932692307692308 0.29927884615384615 0.014423076923076924 0.021784855769230768
2 0.3161057692307692 0.33533653846153844 0.032301682692307696 0.03365384615384615
2 0.014423076923076924 0.48677884615384615 0.028846153846153848 0.036057692307692304
2 0.09975961538461539 0.30528846153846156 0.02208533653846154 0.023287259615384616
2 0.04567307692307692 0.5649038461538461 0.014723557692307692 0.024188701923076924