1 0.8966346153846154 0.9711538461538461 0.0673076923076923 0.057692307692307696
1 0.9735576923076923 0.9879807692307693 0.02403846153846154 0.02403846153846154
2 0.24519230769230768 0.8377403846153846 0.009915865384615384 0.021484375
2 0.8221153846153846 0.8545673076923077 0.052584134615384616 0.05048076923076923
2 0.6995192307692307 0.9038461538461539 0.024188701923076924 0.07196514423076923
2 0.3329326923076923 0.15625 0.016526442307692308 0.04296875
2 0.28846153846153844 0.30528846153846156 0.009765625 0.023888221153846152
2 0.3112980769230769 0.3425480769230769 0.016526442307692308 0.035757211538461536
2 0.09375 0.31490384615384615 0.023737980769230768 0.02403846153846154
2 0.009615384615384616 0.4951923076923077 0.014573317307692308 0.057542067307692304
2 0.040865384615384616 0.5733173076923077 0.019831730769230768 0.020733173076923076