1 0.9182692307692307 0.9411057692307693 0.16346153846153846 0.11748798076923077
1 0.765625 0.9591346153846154 0.10336538461538461 0.08173076923076923
2 0.2620192307692308 0.7620192307692307 0.015625 0.018329326923076924
2 0.3473557692307692 0.9699519230769231 0.037109375 0.038461538461538464
2 0.6959134615384616 0.8305288461538461 0.021484375 0.06009615384615385
2 0.8137019230769231 0.7872596153846154 0.05543870192307692 0.05513822115384615
2 0.9891826923076923 0.36538461538461536 0.01201923076923077 0.019230769230769232
2 0.3449519230769231 0.12620192307692307 0.014423076923076924 0.04071514423076923
2 0.3004807692307692 0.26802884615384615 0.018629807692307692 0.017728365384615384
2 0.32572115384615385 0.2980769230769231 0.016826923076923076 0.03831129807692308
2 0.11298076923076923 0.27403846153846156 0.014122596153846154 0.02869591346153846
2 0.025240384615384616 0.44471153846153844 0.031099759615384616 0.057542067307692304