1 0.9170673076923077 0.9350961538461539 0.14182692307692307 0.12980769230769232
1 0.7668269230769231 0.9699519230769231 0.14423076923076922 0.06009615384615385
2 0.2620192307692308 0.7620192307692307 0.014423076923076924 0.019381009615384616
2 0.3473557692307692 0.9699519230769231 0.016676682692307692 0.06009615384615385
2 0.6959134615384616 0.8305288461538461 0.021484375 0.06009615384615385
2 0.8137019230769231 0.7872596153846154 0.05543870192307692 0.05513822115384615
2 0.9891826923076923 0.36538461538461536 0.01622596153846154 0.015024038461538462
2 0.3449519230769231 0.12620192307692307 0.014423076923076924 0.04056490384615385
2 0.3004807692307692 0.26802884615384615 0.018629807692307692 0.017578125
2 0.32572115384615385 0.2980769230769231 0.016826923076923076 0.03831129807692308
2 0.11298076923076923 0.27403846153846156 0.014122596153846154 0.02869591346153846
2 0.025240384615384616 0.44471153846153844 0.030949519230769232 0.05739182692307692