1 0.9122596153846154 0.9242788461538461 0.15625 0.15144230769230768
1 0.7632211538461539 0.9543269230769231 0.13221153846153846 0.09134615384615384
2 0.2668269230769231 0.7391826923076923 0.013822115384615384 0.021334134615384616
2 0.35216346153846156 0.9519230769230769 0.016826923076923076 0.07752403846153846
2 0.6923076923076923 0.8028846153846154 0.01953125 0.057992788461538464
2 0.8112980769230769 0.7620192307692307 0.045823317307692304 0.04326923076923077
2 0.9831730769230769 0.3557692307692308 0.01817908653846154 0.01817908653846154
2 0.30528846153846156 0.2620192307692308 0.01532451923076923 0.01817908653846154
2 0.32572115384615385 0.296875 0.021484375 0.04071514423076923
2 0.34615384615384615 0.125 0.014423076923076924 0.03831129807692308
2 0.11899038461538461 0.2692307692307692 0.014423076923076924 0.028846153846153848
2 0.03485576923076923 0.4326923076923077 0.040414663461538464 0.038912259615384616