1 0.7487980769230769 0.9278846153846154 0.1219951923076923 0.12094350961538461
1 0.9098557692307693 0.9002403846153846 0.18028846153846154 0.15129206730769232
2 0.2704326923076923 0.7151442307692307 0.016826923076923076 0.016526442307692308
2 0.35336538461538464 0.9158653846153846 0.048227163461538464 0.04807692307692308
2 0.6862980769230769 0.7704326923076923 0.037109375 0.037109375
2 0.8028846153846154 0.7355769230769231 0.053786057692307696 0.056640625
2 0.9711538461538461 0.3401442307692308 0.018028846153846152 0.016826923076923076
2 0.34375 0.11658653846153846 0.014573317307692308 0.036207932692307696
2 0.30288461538461536 0.24879807692307693 0.014573317307692308 0.019230769230769232
2 0.3269230769230769 0.2776442307692308 0.01893028846153846 0.04071514423076923
2 0.12139423076923077 0.25841346153846156 0.019230769230769232 0.017878605769230768
2 0.037259615384615384 0.41586538461538464 0.026592548076923076 0.057542067307692304
2 0.9915865384615384 0.6983173076923077 0.016826923076923076 0.021634615384615384
1 0.9855769230769231 0.9879807692307693 0.02403846153846154 0.023888221153846152
1 0.8353365384615384 0.9783653846153846 0.04567307692307692 0.04326923076923077