1 0.7403846153846154 0.8894230769230769 0.15354567307692307 0.10081129807692307
1 0.9074519230769231 0.8641826923076923 0.18479567307692307 0.15114182692307693
2 0.2764423076923077 0.6814903846153846 0.01953125 0.02088341346153846
2 0.359375 0.8786057692307693 0.019230769230769232 0.08428485576923077
2 0.6850961538461539 0.7415865384615384 0.04417067307692308 0.04522235576923077
2 0.8004807692307693 0.6995192307692307 0.05318509615384615 0.052584134615384616
2 0.984375 0.6730769230769231 0.017427884615384616 0.018780048076923076
2 0.9663461538461539 0.3233173076923077 0.014423076923076924 0.016826923076923076
2 0.34975961538461536 0.10576923076923077 0.014423076923076924 0.038161057692307696
2 0.3088942307692308 0.234375 0.01201923076923077 0.019230769230769232
2 0.3329326923076923 0.26322115384615385 0.016676682692307692 0.03590745192307692
2 0.12860576923076922 0.24158653846153846 0.017878605769230768 0.017878605769230768
2 0.04807692307692308 0.39783653846153844 0.02869591346153846 0.05048076923076923
2 0.7091346153846154 0.9855769230769231 0.1102764423076923 0.028846153846153848
2 0.3894230769230769 0.9603365384615384 0.1201923076923077 0.07932692307692307
1 0.8125 0.9519230769230769 0.07662259615384616 0.07692307692307693
1 0.9819711538461539 0.9603365384615384 0.036057692307692304 0.0625