1 0.7463942307692307 0.84375 0.13221153846153846 0.09615384615384616
1 0.90625 0.8185096153846154 0.16286057692307693 0.16165865384615385
2 0.3641826923076923 0.8305288461538461 0.04326923076923077 0.04176682692307692
2 0.28365384615384615 0.6442307692307693 0.014723557692307692 0.014423076923076924
2 0.6814903846153846 0.7019230769230769 0.03545673076923077 0.03440504807692308
2 0.7920673076923077 0.6682692307692307 0.05048076923076923 0.04927884615384615
2 0.9759615384615384 0.6370192307692307 0.018028846153846152 0.018329326923076924
2 0.9615384615384616 0.30288461538461536 0.009915865384615384 0.019230769230769232
2 0.3557692307692308 0.09014423076923077 0.024639423076923076 0.025691105769230768
2 0.31490384615384615 0.21634615384615385 0.014573317307692308 0.014573317307692308
2 0.33653846153846156 0.24759615384615385 0.018629807692307692 0.038161057692307696
2 0.13822115384615385 0.22115384615384615 0.017277644230769232 0.018780048076923076
2 0.06009615384615385 0.3701923076923077 0.034254807692307696 0.03365384615384615
2 0.4987980769230769 0.9555288461538461 0.5072115384615384 0.0889423076923077
1 0.8028846153846154 0.90625 0.08067908653846154 0.07797475961538461