1 0.734375 0.78125 0.12244591346153846 0.08143028846153846
1 0.8846153846153846 0.7584134615384616 0.18239182692307693 0.125
2 0.28725961538461536 0.6021634615384616 0.016676682692307692 0.021484375
2 0.36658653846153844 0.7752403846153846 0.04567307692307692 0.04567307692307692
2 0.7824519230769231 0.6153846153846154 0.04567307692307692 0.03861177884615385
2 0.6730769230769231 0.6550480769230769 0.019381009615384616 0.06009615384615385
2 0.9579326923076923 0.59375 0.016676682692307692 0.019381009615384616
2 0.9471153846153846 0.2776442307692308 0.01893028846153846 0.019230769230769232
2 0.35697115384615385 0.07451923076923077 0.02403846153846154 0.024188701923076924
2 0.31850961538461536 0.19591346153846154 0.017427884615384616 0.017127403846153848
2 0.34134615384615385 0.21875 0.01893028846153846 0.03831129807692308
2 0.07091346153846154 0.3401442307692308 0.026442307692307692 0.05048076923076923
2 0.5012019230769231 0.8713942307692307 0.30528846153846156 0.25721153846153844
1 0.7956730769230769 0.8365384615384616 0.0673076923076923 0.04807692307692308