1 0.32091346153846156 0.7319711538461539 0.0985576923076923 0.09885817307692307
1 0.4098557692307692 0.6069711538461539 0.14723557692307693 0.14708533653846154
1 0.6201923076923077 0.31009615384615385 0.05784254807692308 0.08668870192307693
1 0.5396634615384616 0.30649038461538464 0.06911057692307693 0.0692608173076923
1 0.640625 0.21995192307692307 0.036207932692307696 0.07692307692307693
2 0.12139423076923077 0.9879807692307693 0.020733173076923076 0.01953125
2 0.28846153846153844 0.5733173076923077 0.01953125 0.041015625
2 0.6622596153846154 0.6646634615384616 0.022235576923076924 0.02208533653846154
2 0.39302884615384615 0.01201923076923077 0.022235576923076924 0.0234375
2 0.32211538461538464 0.875 0.09630408653846154 0.16331129807692307
1 0.3870192307692308 0.7283653846153846 0.04326923076923077 0.12049278846153846
1 0.47836538461538464 0.9555288461538461 0.033353365384615384 0.03200120192307692