1 0.32091346153846156 0.7319711538461539 0.0985576923076923 0.0987079326923077
1 0.4098557692307692 0.6069711538461539 0.14723557692307693 0.14708533653846154
1 0.6201923076923077 0.31009615384615385 0.057992788461538464 0.0868389423076923
1 0.5396634615384616 0.30649038461538464 0.10096153846153846 0.036207932692307696
1 0.640625 0.21995192307692307 0.03635817307692308 0.07692307692307693
2 0.12139423076923077 0.9879807692307693 0.02088341346153846 0.019681490384615384
2 0.28846153846153844 0.5733173076923077 0.029747596153846152 0.030799278846153848
2 0.6622596153846154 0.6646634615384616 0.019230769230769232 0.026292067307692308
2 0.39302884615384615 0.01201923076923077 0.022235576923076924 0.0234375
2 0.32211538461538464 0.875 0.09645432692307693 0.16316105769230768
1 0.3870192307692308 0.7283653846153846 0.08173076923076923 0.08203125
1 0.47836538461538464 0.9555288461538461 0.03365384615384615 0.032151442307692304