1 0.3762019230769231 0.7139423076923077 0.0850360576923077 0.0859375
1 0.4699519230769231 0.6021634615384616 0.13671875 0.15114182692307693
1 0.7019230769230769 0.3317307692307692 0.057692307692307696 0.09630408653846154
1 0.6334134615384616 0.32211538461538464 0.0546875 0.053786057692307696
1 0.7283653846153846 0.22956730769230768 0.038461538461538464 0.0987079326923077
2 0.1622596153846154 0.9495192307692307 0.016826923076923076 0.024338942307692308
2 0.34975961538461536 0.5504807692307693 0.035757211538461536 0.08173076923076923
2 0.7175480769230769 0.6911057692307693 0.021033653846153848 0.02088341346153846
2 0.49759615384615385 0.01201923076923077 0.015024038461538462 0.019230769230769232
2 0.34615384615384615 0.17668269230769232 0.018629807692307692 0.017127403846153848
2 0.4639423076923077 0.42427884615384615 0.014122596153846154 0.019230769230769232
2 0.34975961538461536 0.8822115384615384 0.08383413461538461 0.11057692307692307
1 0.4375 0.7295673076923077 0.091796875 0.09329927884615384
2 0.8004807692307693 0.609375 0.09585336538461539 0.09450120192307693
2 0.8870192307692307 0.8966346153846154 0.015024038461538462 0.09194711538461539
1 0.5588942307692307 0.3870192307692308 0.08413461538461539 0.08563701923076923
2 0.6213942307692307 0.23197115384615385 0.087890625 0.08518629807692307
1 0.5120192307692307 0.9567307692307693 0.038461538461538464 0.03831129807692308