1 0.37740384615384615 0.9759615384615384 0.04807692307692308 0.04807692307692308
1 0.4651442307692308 0.8533653846153846 0.18464543269230768 0.18314302884615385
1 0.7355769230769231 0.4987980769230769 0.11117788461538461 0.11253004807692307
1 0.6550480769230769 0.47716346153846156 0.06490384615384616 0.06490384615384616
1 0.7620192307692307 0.35336538461538464 0.043118990384615384 0.12995793269230768
2 0.32091346153846156 0.7872596153846154 0.06024639423076923 0.059945913461538464
2 0.45913461538461536 0.6057692307692307 0.01532451923076923 0.018028846153846152
2 0.7560096153846154 0.9783653846153846 0.022235576923076924 0.02283653846153846
2 0.3245192307692308 0.28846153846153844 0.014122596153846154 0.019230769230769232
2 0.4987980769230769 0.0733173076923077 0.032301682692307696 0.03365384615384615
2 0.5168269230769231 0.03485576923076923 0.018329326923076924 0.017277644230769232
2 0.8545673076923077 0.8689903846153846 0.13671875 0.13701923076923078
1 0.5685096153846154 0.5637019230769231 0.10411658653846154 0.10396634615384616
2 0.6370192307692307 0.359375 0.1102764423076923 0.11057692307692307
1 0.44350961538461536 0.9771634615384616 0.03635817307692308 0.036057692307692304