1 0.37740384615384615 0.9759615384615384 0.04807692307692308 0.04807692307692308
1 0.4651442307692308 0.8533653846153846 0.18464543269230768 0.18314302884615385
1 0.7355769230769231 0.4987980769230769 0.07692307692307693 0.14693509615384615
1 0.6550480769230769 0.47716346153846156 0.08413461538461539 0.04567307692307692
1 0.7620192307692307 0.35336538461538464 0.04296875 0.13010817307692307
2 0.32091346153846156 0.7872596153846154 0.06024639423076923 0.059945913461538464
2 0.45913461538461536 0.6057692307692307 0.014122596153846154 0.019230769230769232
2 0.7560096153846154 0.9783653846153846 0.01201923076923077 0.033353365384615384
2 0.3245192307692308 0.28846153846153844 0.01532451923076923 0.018028846153846152
2 0.4987980769230769 0.0733173076923077 0.032301682692307696 0.03365384615384615
2 0.5168269230769231 0.03485576923076923 0.015625 0.017127403846153848
2 0.8545673076923077 0.8689903846153846 0.1368689903846154 0.13701923076923078
1 0.5685096153846154 0.5637019230769231 0.10411658653846154 0.10396634615384616
2 0.6370192307692307 0.359375 0.052584134615384616 0.16826923076923078
1 0.44350961538461536 0.9771634615384616 0.026592548076923076 0.04567307692307692