1 0.7872596153846154 0.8064903846153846 0.14558293269230768 0.14423076923076922
1 0.6911057692307693 0.7788461538461539 0.0889423076923077 0.08743990384615384
1 0.8125 0.6069711538461539 0.12424879807692307 0.12319711538461539
2 0.44591346153846156 0.9759615384615384 0.022235576923076924 0.02403846153846154
2 0.2980769230769231 0.49759615384615385 0.01817908653846154 0.01817908653846154
2 0.5060096153846154 0.2091346153846154 0.02403846153846154 0.057542067307692304
2 0.5180288461538461 0.02403846153846154 0.055288461538461536 0.04807692307692308
2 0.5252403846153846 0.16346153846153846 0.019230769230769232 0.02869591346153846
2 0.9495192307692307 0.23557692307692307 0.01817908653846154 0.01817908653846154
2 0.9326923076923077 0.010817307692307692 0.01532451923076923 0.01622596153846154
2 0.8942307692307693 0.08173076923076923 0.0625 0.04837740384615385
1 0.609375 0.9074519230769231 0.14693509615384615 0.1466346153846154
2 0.671875 0.6117788461538461 0.05543870192307692 0.23557692307692307