1 0.7872596153846154 0.8064903846153846 0.14558293269230768 0.14423076923076922
1 0.6911057692307693 0.7788461538461539 0.0889423076923077 0.08759014423076923
1 0.8125 0.6069711538461539 0.12424879807692307 0.12319711538461539
2 0.44591346153846156 0.9759615384615384 0.022235576923076924 0.023737980769230768
2 0.2980769230769231 0.49759615384615385 0.014573317307692308 0.019381009615384616
2 0.5060096153846154 0.2091346153846154 0.040865384615384616 0.03951322115384615
2 0.5192307692307693 0.02283653846153846 0.06715745192307693 0.041015625
2 0.5252403846153846 0.16346153846153846 0.019230769230769232 0.028545673076923076
2 0.9495192307692307 0.23557692307692307 0.014573317307692308 0.019381009615384616
2 0.9326923076923077 0.010817307692307692 0.014573317307692308 0.016826923076923076
2 0.8942307692307693 0.08173076923076923 0.056490384615384616 0.05709134615384615
1 0.609375 0.9074519230769231 0.14678485576923078 0.1466346153846154
2 0.671875 0.6117788461538461 0.1463341346153846 0.14603365384615385