1 0.7572115384615384 0.19951923076923078 0.17292668269230768 0.10561899038461539
2 0.21875 0.6911057692307693 0.1015625 0.15384615384615385
2 0.05048076923076923 0.0673076923076923 0.04326923076923077 0.029146634615384616
2 0.6682692307692307 0.5745192307692307 0.014423076923076924 0.019381009615384616
2 0.9375 0.36658653846153844 0.04296875 0.041616586538461536
2 0.8028846153846154 0.47115384615384615 0.014573317307692308 0.024188701923076924
2 0.9338942307692307 0.7103365384615384 0.019230769230769232 0.017878605769230768
2 0.9026442307692307 0.6899038461538461 0.014423076923076924 0.024188701923076924
1 0.5252403846153846 0.9483173076923077 0.06490384615384616 0.06490384615384616
1 0.8161057692307693 0.8725961538461539 0.25 0.2546574519230769
1 0.9699519230769231 0.6694711538461539 0.036207932692307696 0.10321514423076923
2 0.9435096153846154 0.6201923076923077 0.02088341346153846 0.019681490384615384
2 0.8197115384615384 0.5588942307692307 0.03936298076923077 0.040414663461538464
2 0.8052884615384616 0.6550480769230769 0.0809795673076923 0.080078125
2 0.7932692307692307 0.38221153846153844 0.03786057692307692 0.061899038461538464
2 0.6838942307692307 0.6610576923076923 0.036057692307692304 0.1583533653846154