1 0.7439903846153846 0.2548076923076923 0.18043870192307693 0.12469951923076923
2 0.16826923076923078 0.8557692307692307 0.11568509615384616 0.18299278846153846
2 0.6598557692307693 0.6959134615384616 0.021033653846153848 0.02088341346153846
2 0.9182692307692307 0.8185096153846154 0.023137019230769232 0.021634615384615384
2 0.9543269230769231 0.8425480769230769 0.014423076923076924 0.03125
2 0.9423076923076923 0.43509615384615385 0.052884615384615384 0.03365384615384615
1 0.7127403846153846 0.9723557692307693 0.026292067307692308 0.05513822115384615
1 0.9254807692307693 0.9447115384615384 0.10081129807692307 0.10096153846153846
1 0.9651442307692307 0.7608173076923077 0.06971153846153846 0.07932692307692307
2 0.8088942307692307 0.78125 0.045823317307692304 0.13912259615384615
2 0.7439903846153846 0.4951923076923077 0.07061298076923077 0.07151442307692307
2 0.796875 0.4639423076923077 0.050931490384615384 0.05243389423076923
2 0.6875 0.8185096153846154 0.14347956730769232 0.1424278846153846
2 0.8221153846153846 0.6694711538461539 0.02869591346153846 0.07436899038461539
2 0.9735576923076923 0.32572115384615385 0.02869591346153846 0.050631009615384616