1 0.7367788461538461 0.2824519230769231 0.1756310096153846 0.13206129807692307
2 0.14903846153846154 0.9182692307692307 0.10576923076923077 0.16316105769230768
2 0.6610576923076923 0.7536057692307693 0.019981971153846152 0.02088341346153846
2 0.9278846153846154 0.8810096153846154 0.014573317307692308 0.026292067307692308
2 0.9651442307692307 0.9050480769230769 0.026442307692307692 0.026292067307692308
2 0.9459134615384616 0.4699519230769231 0.050631009615384616 0.03590745192307692
1 0.9362980769230769 0.9783653846153846 0.021634615384615384 0.03861177884615385
1 0.9723557692307693 0.8064903846153846 0.055288461538461536 0.06490384615384616
2 0.8185096153846154 0.84375 0.04567307692307692 0.13912259615384615
2 0.7872596153846154 0.49038461538461536 0.0546875 0.053635817307692304
2 0.7427884615384616 0.5252403846153846 0.08263221153846154 0.08413461538461539
2 0.6838942307692307 0.8786057692307693 0.14678485576923078 0.146484375
2 0.828125 0.7127403846153846 0.03125 0.0887920673076923
2 0.9747596153846154 0.3545673076923077 0.03125 0.05048076923076923