1 0.7223557692307693 0.33413461538461536 0.16661658653846154 0.16751802884615385
2 0.6550480769230769 0.875 0.021634615384615384 0.020432692307692308
2 0.9447115384615384 0.5348557692307693 0.047776442307692304 0.04612379807692308
2 0.6706730769230769 0.007211538461538462 0.014423076923076924 0.009915865384615384
2 0.8185096153846154 0.9471153846153846 0.07451923076923077 0.07572115384615384
2 0.7379807692307693 0.6141826923076923 0.09525240384615384 0.09435096153846154
2 0.7872596153846154 0.5745192307692307 0.064453125 0.06310096153846154
1 0.9795673076923077 0.8942307692307693 0.03125 0.04837740384615385
2 0.6682692307692307 0.9387019230769231 0.029146634615384616 0.12259615384615384
2 0.6370192307692307 0.7572115384615384 0.10682091346153846 0.10682091346153846
2 0.8305288461538461 0.8209134615384616 0.026442307692307692 0.0887920673076923