1 0.7223557692307693 0.33413461538461536 0.18524639423076922 0.14888822115384615
2 0.6550480769230769 0.875 0.021634615384615384 0.020432692307692308
2 0.9447115384615384 0.5348557692307693 0.04807692307692308 0.045973557692307696
2 0.6706730769230769 0.007211538461538462 0.014423076923076924 0.009765625
2 0.8185096153846154 0.9471153846153846 0.04326923076923077 0.10576923076923077
2 0.7379807692307693 0.6141826923076923 0.09254807692307693 0.09435096153846154
2 0.7872596153846154 0.5745192307692307 0.064453125 0.06310096153846154
1 0.9795673076923077 0.8942307692307693 0.03125 0.04837740384615385
2 0.6682692307692307 0.9387019230769231 0.07662259615384616 0.0751201923076923
2 0.6370192307692307 0.7572115384615384 0.038161057692307696 0.1775841346153846
2 0.8305288461538461 0.8209134615384616 0.057692307692307696 0.05634014423076923