2 0.6995192307692307 0.8016826923076923 0.1443810096153846 0.026292067307692308
2 0.875 0.39663461538461536 0.024338942307692308 0.024188701923076924
2 0.8942307692307693 0.484375 0.023587740384615384 0.022235576923076924
2 0.9134615384615384 0.5336538461538461 0.009765625 0.024188701923076924
2 0.7463942307692307 0.3870192307692308 0.016826923076923076 0.015625
2 0.5084134615384616 0.41947115384615385 0.016826923076923076 0.016826923076923076
2 0.21875 0.4807692307692308 0.08203125 0.07662259615384616
2 0.46153846153846156 0.3641826923076923 0.014423076923076924 0.021484375
2 0.8762019230769231 0.43990384615384615 0.01201923076923077 0.03365384615384615
2 0.9290865384615384 0.5661057692307693 0.016826923076923076 0.026292067307692308
2 0.9519230769230769 0.5925480769230769 0.010216346153846154 0.019230769230769232