1 0.5805288461538461 0.36177884615384615 0.09375 0.17082331730769232
1 0.6875 0.34975961538461536 0.015474759615384616 0.016826923076923076
1 0.3918269230769231 0.46875 0.009765625 0.009915865384615384
1 0.39903846153846156 0.44591346153846156 0.009164663461538462 0.007662259615384615
1 0.41586538461538464 0.4723557692307692 0.024338942307692308 0.03365384615384615
1 0.43509615384615385 0.5456730769230769 0.07151442307692307 0.07271634615384616
1 0.6009615384615384 0.6009615384615384 0.04417067307692308 0.047025240384615384
1 0.609375 0.5384615384615384 0.030348557692307692 0.029747596153846152
0 0.33774038461538464 0.7427884615384616 0.031850961538461536 0.033052884615384616
0 0.4951923076923077 0.7067307692307693 0.048227163461538464 0.03365384615384615
0 0.7512019230769231 0.45913461538461536 0.021634615384615384 0.04296875
0 0.5 0.3425480769230769 0.04837740384615385 0.049879807692307696
0 0.7764423076923077 0.2860576923076923 0.0731670673076923 0.0733173076923077