1 0.3942307692307692 0.25240384615384615 0.1239483173076923 0.12124399038461539
1 0.25721153846153844 0.22235576923076922 0.07677283653846154 0.07692307692307693
1 0.24759615384615385 0.28846153846153844 0.010516826923076924 0.013521634615384616
1 0.2692307692307692 0.3762019230769231 0.08173076923076923 0.08173076923076923
1 0.15865384615384615 0.41586538461538464 0.057692307692307696 0.023737980769230768
1 0.203125 0.42788461538461536 0.009615384615384616 0.009314903846153846
1 0.21634615384615385 0.4519230769230769 0.010667067307692308 0.01337139423076923
1 0.21394230769230768 0.4723557692307692 0.014573317307692308 0.011868990384615384
1 0.21995192307692307 0.5588942307692307 0.02734375 0.028846153846153848
1 0.2127403846153846 0.4951923076923077 0.01201923076923077 0.02869591346153846
1 0.17668269230769232 0.890625 0.026442307692307692 0.04567307692307692
1 0.18629807692307693 0.828125 0.02403846153846154 0.025390625
1 0.203125 0.9483173076923077 0.036207932692307696 0.021484375
1 0.11658653846153846 0.9459134615384616 0.06505408653846154 0.057692307692307696
1 0.10336538461538461 0.8810096153846154 0.03365384615384615 0.028846153846153848
1 0.17908653846153846 0.984375 0.009615384615384616 0.008263221153846154
1 0.22235576923076922 0.984375 0.0078125 0.007662259615384615
0 0.39783653846153844 0.4855769230769231 0.07466947115384616 0.043118990384615384
0 0.4831730769230769 0.37740384615384615 0.024188701923076924 0.024338942307692308
0 0.6466346153846154 0.7067307692307693 0.11643629807692307 0.11643629807692307
0 0.4855769230769231 0.6899038461538461 0.03365384615384615 0.12469951923076923
0 0.40625 0.6370192307692307 0.07181490384615384 0.03861177884615385
0 0.5144230769230769 0.5072115384615384 0.052734375 0.052584134615384616
0 0.5649038461538461 0.4483173076923077 0.05318509615384615 0.045823317307692304