1 0.07211538461538461 0.20673076923076922 0.072265625 0.08158052884615384
1 0.14423076923076922 0.2439903846153846 0.052584134615384616 0.05123197115384615
1 0.15865384615384615 0.3245192307692308 0.07181490384615384 0.07271634615384616
1 0.1141826923076923 0.3161057692307692 0.04326923076923077 0.04326923076923077
1 0.0829326923076923 0.3401442307692308 0.03560697115384615 0.03545673076923077
1 0.06490384615384616 0.3713942307692308 0.014423076923076924 0.016526442307692308
1 0.07451923076923077 0.40024038461538464 0.028395432692307692 0.027043269230769232
1 0.0829326923076923 0.42908653846153844 0.013070913461538462 0.014423076923076924
1 0.07091346153846154 0.4699519230769231 0.021033653846153848 0.021183894230769232
1 0.2127403846153846 0.3605769230769231 0.026442307692307692 0.014423076923076924
1 0.17668269230769232 0.47596153846153844 0.016526442307692308 0.015024038461538462
1 0.31009615384615385 0.5168269230769231 0.024338942307692308 0.0234375
1 0.23798076923076922 0.5264423076923077 0.014272836538461538 0.00946514423076923
1 0.36538461538461536 0.40865384615384615 0.019381009615384616 0.01953125
1 0.2536057692307692 0.42908653846153844 0.1328125 0.1328125
1 0.1141826923076923 0.5408653846153846 0.022235576923076924 0.023737980769230768
1 0.13581730769230768 0.5240384615384616 0.0889423076923077 0.13957331730769232
1 0.10817307692307693 0.6490384615384616 0.023888221153846152 0.028996394230769232
1 0.08653846153846154 0.7331730769230769 0.0634014423076923 0.06625600961538461
1 0.14543269230769232 0.7127403846153846 0.03365384615384615 0.036207932692307696