0 0.5745192307692307 0.296875 0.057992788461538464 0.059645432692307696
0 0.35216346153846156 0.5072115384615384 0.021033653846153848 0.01953125
0 0.421875 0.5552884615384616 0.08338341346153846 0.08218149038461539
0 0.5925480769230769 0.5012019230769231 0.0653545673076923 0.0655048076923077
0 0.75 0.44591346153846156 0.15459735576923078 0.15579927884615385
0 0.7235576923076923 0.6141826923076923 0.134765625 0.07692307692307693
0 0.5901442307692307 0.7836538461538461 0.08443509615384616 0.09104567307692307
0 0.35216346153846156 0.7536057692307693 0.27208533653846156 0.2722355769230769
2 0.6177884615384616 0.703125 0.09630408653846154 0.050631009615384616
2 0.9567307692307693 0.8641826923076923 0.042367788461538464 0.040865384615384616
2 0.9350961538461539 0.140625 0.04807692307692308 0.021935096153846152
2 0.625 0.5685096153846154 0.02478966346153846 0.02599158653846154
2 0.7067307692307693 0.671875 0.04251802884615385 0.041616586538461536
2 0.8990384615384616 0.14543269230769232 0.024639423076923076 0.025540865384615384
2 0.8774038461538461 0.09134615384615384 0.03350360576923077 0.03350360576923077