2 0.3137019230769231 0.24759615384615385 0.011868990384615384 0.014423076923076924
2 0.15865384615384615 0.08173076923076923 0.009314903846153846 0.009915865384615384
2 0.33533653846153844 0.16346153846153846 0.007962740384615384 0.008713942307692308
2 0.3485576923076923 0.18870192307692307 0.005709134615384615 0.006760817307692308
1 0.5805288461538461 0.4795673076923077 0.021634615384615384 0.026592548076923076
1 0.6586538461538461 0.33774038461538464 0.09134615384615384 0.06986177884615384
1 0.7247596153846154 0.35096153846153844 0.02088341346153846 0.019981971153846152
1 0.7596153846153846 0.36538461538461536 0.01893028846153846 0.019230769230769232
1 0.36177884615384615 0.6802884615384616 0.02403846153846154 0.023888221153846152
1 0.2439903846153846 0.5336538461538461 0.007211538461538462 0.014122596153846154
1 0.30649038461538464 0.5793269230769231 0.009615384615384616 0.014122596153846154
1 0.2439903846153846 0.5877403846153846 0.0887920673076923 0.08909254807692307
1 0.31009615384615385 0.6418269230769231 0.033804086538461536 0.057542067307692304
0 0.45913461538461536 0.3954326923076923 0.06280048076923077 0.045823317307692304
0 0.28125 0.6935096153846154 0.04326923076923077 0.040865384615384616
0 0.4050480769230769 0.7223557692307693 0.045072115384615384 0.045072115384615384
0 0.3870192307692308 0.6262019230769231 0.0673076923076923 0.04071514423076923
0 0.4182692307692308 0.8713942307692307 0.134765625 0.0673076923076923
0 0.53125 0.8088942307692307 0.0673076923076923 0.05033052884615385
0 0.40865384615384615 0.5456730769230769 0.15489783653846154 0.15760216346153846