0 0.41225961538461536 0.5444711538461539 0.05033052884615385 0.10096153846153846
2 0.6069711538461539 0.7007211538461539 0.1201923076923077 0.06520432692307693
2 0.9146634615384616 0.8653846153846154 0.03365384615384615 0.024188701923076924
2 0.5961538461538461 0.5697115384615384 0.03861177884615385 0.019080528846153848
2 0.7487980769230769 0.65625 0.03155048076923077 0.038161057692307696
2 0.9723557692307693 0.18269230769230768 0.04146634615384615 0.042367788461538464
2 0.9074519230769231 0.17067307692307693 0.02674278846153846 0.02403846153846154
2 0.9495192307692307 0.11177884615384616 0.019080528846153848 0.04807692307692308
0 0.5769230769230769 0.30649038461538464 0.05709134615384615 0.05588942307692308
0 0.35096153846153844 0.49759615384615385 0.01817908653846154 0.01817908653846154
0 0.5793269230769231 0.5012019230769231 0.05739182692307692 0.07451923076923077
0 0.7379807692307693 0.453125 0.240234375 0.06505408653846154
0 0.6983173076923077 0.6141826923076923 0.10096153846153846 0.10096153846153846
0 0.5588942307692307 0.7668269230769231 0.07947716346153846 0.08668870192307693
0 0.3401442307692308 0.7295673076923077 0.31009615384615385 0.19486177884615385