1 0.3161057692307692 0.9903846153846154 0.021634615384615384 0.019230769230769232
1 0.41466346153846156 0.0829326923076923 0.07557091346153846 0.07692307692307693
1 0.4951923076923077 0.1502403846153846 0.07151442307692307 0.07016225961538461
1 0.49158653846153844 0.10576923076923077 0.040865384615384616 0.0390625
1 0.6298076923076923 0.4110576923076923 0.1201923076923077 0.1346153846153846
1 0.6490384615384616 0.5012019230769231 0.019981971153846152 0.021183894230769232
1 0.5432692307692307 0.4423076923076923 0.010667067307692308 0.01337139423076923
1 0.5036057692307693 0.30288461538461536 0.021634615384615384 0.038461538461538464
1 0.4807692307692308 0.3293269230769231 0.01532451923076923 0.018329326923076924
1 0.4795673076923077 0.35697115384615385 0.021033653846153848 0.021033653846153848
1 0.47836538461538464 0.38461538461538464 0.01337139423076923 0.010667067307692308
1 0.4579326923076923 0.41947115384615385 0.021935096153846152 0.021334134615384616
1 0.4735576923076923 0.49158653846153844 0.019831730769230768 0.021183894230769232
1 0.4963942307692308 0.47716346153846156 0.06986177884615384 0.13942307692307693
1 0.43509615384615385 0.5853365384615384 0.025240384615384616 0.025540865384615384
1 0.3918269230769231 0.6574519230769231 0.057992788461538464 0.05934495192307692
1 0.44711538461538464 0.6490384615384616 0.03365384615384615 0.033353365384615384