0 0.5432692307692307 0.3173076923076923 0.06760817307692307 0.09134615384615384
0 0.43149038461538464 0.39903846153846156 0.050180288461538464 0.04837740384615385
0 0.4519230769230769 0.4879807692307692 0.038161057692307696 0.043569711538461536
0 0.59375 0.5901442307692307 0.01893028846153846 0.026141826923076924
0 0.7427884615384616 0.5697115384615384 0.03350360576923077 0.033804086538461536
0 0.5336538461538461 0.4483173076923077 0.03440504807692308 0.03560697115384615
1 0.5144230769230769 0.6117788461538461 0.019230769230769232 0.016676682692307692
1 0.5817307692307693 0.6442307692307693 0.014573317307692308 0.014272836538461538
1 0.5144230769230769 0.6995192307692307 0.009765625 0.00946514423076923
1 0.47596153846153844 0.7271634615384616 0.04341947115384615 0.038461538461538464
1 0.4639423076923077 0.65625 0.08173076923076923 0.08233173076923077
1 0.7007211538461539 0.45072115384615385 0.036207932692307696 0.04807692307692308
1 0.703125 0.49158653846153844 0.031400240384615384 0.03125
2 0.6478365384615384 0.7560096153846154 0.017427884615384616 0.017427884615384616