1 0.21995192307692307 0.24759615384615385 0.10817307692307693 0.047776442307692304
1 0.21033653846153846 0.31490384615384615 0.012469951923076924 0.013521634615384616
1 0.3557692307692308 0.27403846153846156 0.15354567307692307 0.09630408653846154
1 0.23918269230769232 0.4014423076923077 0.10817307692307693 0.05303485576923077
1 0.12980769230769232 0.44591346153846156 0.05739182692307692 0.021334134615384616
1 0.18870192307692307 0.4987980769230769 0.01201923076923077 0.01201923076923077
1 0.19831730769230768 0.5865384615384616 0.021634615384615384 0.04341947115384615
1 0.1814903846153846 0.4651442307692308 0.02403846153846154 0.02403846153846154
1 0.18629807692307693 0.5240384615384616 0.009615384615384616 0.028996394230769232
1 0.1814903846153846 0.8569711538461539 0.031099759615384616 0.031400240384615384
1 0.18509615384615385 0.9362980769230769 0.01953125 0.021334134615384616
1 0.17067307692307693 0.9134615384615384 0.019230769230769232 0.019831730769230768
1 0.2091346153846154 0.9807692307692307 0.033804086538461536 0.03350360576923077
1 0.10216346153846154 0.9146634615384616 0.036057692307692304 0.031400240384615384
1 0.09134615384615384 0.9543269230769231 0.043569711538461536 0.04341947115384615
1 0.1346153846153846 0.9759615384615384 0.02013221153846154 0.0234375
1 0.11899038461538461 0.9927884615384616 0.03125 0.014423076923076924
0 0.3737980769230769 0.5072115384615384 0.059495192307692304 0.05814302884615385
0 0.45552884615384615 0.39663461538461536 0.027043269230769232 0.028245192307692308
0 0.5408653846153846 0.46274038461538464 0.05303485576923077 0.045823317307692304
0 0.4951923076923077 0.5252403846153846 0.057992788461538464 0.05048076923076923
0 0.39302884615384615 0.6598557692307693 0.0673076923076923 0.045522836538461536
0 0.6466346153846154 0.7247596153846154 0.1102764423076923 0.13206129807692307
0 0.47716346153846156 0.7103365384615384 0.028846153846153848 0.12740384615384615