1 0.46634615384615385 0.21875 0.024188701923076924 0.019381009615384616
1 0.4795673076923077 0.24158653846153846 0.026442307692307692 0.016676682692307692
1 0.8221153846153846 0.36778846153846156 0.03831129807692308 0.033353365384615384
1 0.9747596153846154 0.4362980769230769 0.03665865384615385 0.03680889423076923
1 0.2512019230769231 0.31971153846153844 0.040865384615384616 0.024188701923076924
1 0.30288461538461536 0.5360576923076923 0.05784254807692308 0.062349759615384616
1 0.3004807692307692 0.5985576923076923 0.014272836538461538 0.024188701923076924
1 0.3918269230769231 0.609375 0.01532451923076923 0.016075721153846152
1 0.47115384615384615 0.7199519230769231 0.019080528846153848 0.016826923076923076
1 0.6141826923076923 0.7512019230769231 0.016826923076923076 0.031400240384615384
1 0.6262019230769231 0.7247596153846154 0.016826923076923076 0.016826923076923076
1 0.6322115384615384 0.6454326923076923 0.12064302884615384 0.1219951923076923
0 0.4411057692307692 0.6262019230769231 0.07887620192307693 0.07872596153846154
0 0.546875 0.5552884615384616 0.02208533653846154 0.0234375
0 0.6382211538461539 0.5432692307692307 0.026893028846153848 0.028395432692307692
0 0.6370192307692307 0.5240384615384616 0.05348557692307692 0.023737980769230768
0 0.5420673076923077 0.5132211538461539 0.1368689903846154 0.0673076923076923
0 0.4411057692307692 0.5144230769230769 0.041616586538461536 0.042367788461538464
0 0.5300480769230769 0.43149038461538464 0.055288461538461536 0.02403846153846154