1 0.5240384615384616 0.44350961538461536 0.01893028846153846 0.026141826923076924
1 0.6310096153846154 0.2536057692307692 0.022235576923076924 0.022536057692307692
1 0.6622596153846154 0.2644230769230769 0.03125 0.033353365384615384
1 0.5649038461538461 0.28125 0.08203125 0.08203125
1 0.359375 0.7247596153846154 0.021334134615384616 0.026141826923076924
1 0.2800480769230769 0.6514423076923077 0.014423076923076924 0.014122596153846154
1 0.2127403846153846 0.6346153846153846 0.01141826923076923 0.010216346153846154
1 0.22355769230769232 0.6850961538461539 0.09194711538461539 0.07241586538461539
1 0.2980769230769231 0.7103365384615384 0.04807692307692308 0.04657451923076923
2 0.019230769230769232 0.23317307692307693 0.009615384615384616 0.014122596153846154
2 0.14783653846153846 0.21514423076923078 0.007962740384615384 0.0078125
2 0.2091346153846154 0.23677884615384615 0.010216346153846154 0.01141826923076923
2 0.22596153846153846 0.25600961538461536 0.010216346153846154 0.01141826923076923
2 0.20793269230769232 0.3293269230769231 0.01201923076923077 0.014423076923076924
0 0.2848557692307692 0.7716346153846154 0.038461538461538464 0.03876201923076923
0 0.4567307692307692 0.8798076923076923 0.10006009615384616 0.09990985576923077
0 0.5480769230769231 0.7776442307692307 0.061899038461538464 0.060697115384615384
0 0.4110576923076923 0.7439903846153846 0.05303485576923077 0.019230769230769232
0 0.3713942307692308 0.6622596153846154 0.04807692307692308 0.046724759615384616
0 0.3701923076923077 0.5769230769230769 0.13371394230769232 0.130859375
0 0.3870192307692308 0.41466346153846156 0.06280048076923077 0.060396634615384616