1 0.265625 0.2403846153846154 0.07932692307692307 0.07797475961538461
1 0.40024038461538464 0.26802884615384615 0.15129206730769232 0.0987079326923077
1 0.2536057692307692 0.30528846153846156 0.014423076923076924 0.009615384615384616
1 0.2800480769230769 0.3942307692307692 0.11057692307692307 0.05303485576923077
1 0.16947115384615385 0.43509615384615385 0.04131610576923077 0.042367788461538464
1 0.2247596153846154 0.4891826923076923 0.012620192307692308 0.012620192307692308
1 0.22115384615384615 0.4579326923076923 0.019381009615384616 0.03125
1 0.21875 0.5144230769230769 0.02013221153846154 0.023137019230769232
1 0.22716346153846154 0.5588942307692307 0.014423076923076924 0.009615384615384616
1 0.23197115384615385 0.5841346153846154 0.017427884615384616 0.019230769230769232
1 0.1935096153846154 0.9086538461538461 0.028846153846153848 0.04296875
1 0.203125 0.8473557692307693 0.014423076923076924 0.036057692307692304
1 0.11778846153846154 0.9002403846153846 0.03395432692307692 0.031099759615384616
1 0.22115384615384615 0.9627403846153846 0.043118990384615384 0.03125
1 0.14903846153846154 0.9603365384615384 0.01953125 0.021334134615384616
1 0.13942307692307693 0.984375 0.028846153846153848 0.012169471153846154
1 0.1141826923076923 0.9519230769230769 0.021784855769230768 0.028996394230769232
0 0.4074519230769231 0.5012019230769231 0.060546875 0.060697115384615384
0 0.4951923076923077 0.39302884615384615 0.027644230769230768 0.026442307692307692
0 0.5769230769230769 0.46153846153846156 0.05739182692307692 0.047926682692307696
0 0.5264423076923077 0.5216346153846154 0.057542067307692304 0.048227163461538464
0 0.421875 0.6550480769230769 0.052884615384615384 0.05423677884615385
0 0.6658653846153846 0.7235576923076923 0.10111177884615384 0.12980769230769232
0 0.4987980769230769 0.7067307692307693 0.026592548076923076 0.12469951923076923