1 0.5348557692307693 0.4483173076923077 0.10802283653846154 0.12755408653846154
1 0.5805288461538461 0.5276442307692307 0.022686298076923076 0.022686298076923076
1 0.38822115384615385 0.375 0.030799278846153848 0.029447115384615384
1 0.375 0.4026442307692308 0.014723557692307692 0.014423076923076924
1 0.38341346153846156 0.42788461538461536 0.021784855769230768 0.023888221153846152
1 0.390625 0.453125 0.014423076923076924 0.011868990384615384
1 0.4206730769230769 0.5516826923076923 0.023888221153846152 0.021484375
1 0.38341346153846156 0.4891826923076923 0.019230769230769232 0.01201923076923077
1 0.4675480769230769 0.49158653846153844 0.016075721153846152 0.01622596153846154
1 0.4362980769230769 0.5348557692307693 0.10276442307692307 0.10276442307692307
1 0.41225961538461536 0.6466346153846154 0.016826923076923076 0.024338942307692308
1 0.44471153846153844 0.7055288461538461 0.028846153846153848 0.03365384615384615
1 0.39783653846153844 0.7223557692307693 0.05543870192307692 0.055288461538461536