0 0.2932692307692308 0.46634615384615385 0.018028846153846152 0.018329326923076924
2 0.6009615384615384 0.6358173076923077 0.134765625 0.050631009615384616
2 0.6454326923076923 0.7331730769230769 0.04056490384615385 0.0234375
2 0.9447115384615384 0.1310096153846154 0.1102764423076923 0.06490384615384616
2 0.75 0.6177884615384616 0.02869591346153846 0.043569711538461536
2 0.7127403846153846 0.5805288461538461 0.03125 0.031400240384615384
2 0.8125 0.15625 0.1349158653846154 0.134765625
0 0.4699519230769231 0.24158653846153846 0.061147836538461536 0.0625
0 0.5228365384615384 0.4375 0.040865384615384616 0.08158052884615384
0 0.36899038461538464 0.5048076923076923 0.07992788461538461 0.08128004807692307
0 0.671875 0.375 0.24263822115384615 0.08158052884615384
0 0.6634615384615384 0.5336538461538461 0.10186298076923077 0.10201322115384616
0 0.5649038461538461 0.7067307692307693 0.09104567307692307 0.09149639423076923
0 0.3401442307692308 0.6935096153846154 0.26231971153846156 0.22325721153846154