0 0.6538461538461539 0.375 0.028996394230769232 0.09585336538461539
0 0.5012019230769231 0.4074519230769231 0.04567307692307692 0.04567307692307692
0 0.4639423076923077 0.48677884615384615 0.03831129807692308 0.038461538461538464
0 0.5612980769230769 0.4831730769230769 0.04807692307692308 0.02869591346153846
0 0.6634615384615384 0.6574519230769231 0.03756009615384615 0.036057692307692304
0 0.5240384615384616 0.6262019230769231 0.028545673076923076 0.026292067307692308
2 0.4675480769230769 0.7848557692307693 0.028846153846153848 0.007361778846153846
1 0.44350961538461536 0.6189903846153846 0.021484375 0.014423076923076924
1 0.48197115384615385 0.6694711538461539 0.012620192307692308 0.012620192307692308
1 0.6911057692307693 0.5408653846153846 0.045522836538461536 0.04296875
1 0.6778846153846154 0.5769230769230769 0.03365384615384615 0.024188701923076924
1 0.390625 0.6911057692307693 0.009615384615384616 0.016826923076923076
1 0.3401442307692308 0.7043269230769231 0.04146634615384615 0.04266826923076923
1 0.3641826923076923 0.6358173076923077 0.07466947115384616 0.09390024038461539