0 0.3737980769230769 0.796875 0.030799278846153848 0.03064903846153846
0 0.5216346153846154 0.75 0.03876201923076923 0.0390625
0 0.46274038461538464 0.40024038461538464 0.049429086538461536 0.04807692307692308
0 0.7295673076923077 0.4831730769230769 0.030949519230769232 0.04296875
0 0.7199519230769231 0.3161057692307692 0.07211538461538461 0.07211538461538461
1 0.40384615384615385 0.53125 0.032602163461538464 0.02989783653846154
1 0.43028846153846156 0.5985576923076923 0.07692307692307693 0.07692307692307693
1 0.6057692307692307 0.6358173076923077 0.03861177884615385 0.04326923076923077
1 0.6033653846153846 0.5757211538461539 0.029597355769230768 0.03064903846153846
1 0.6442307692307693 0.3858173076923077 0.019230769230769232 0.014423076923076924
1 0.5408653846153846 0.4074519230769231 0.12424879807692307 0.12334735576923077