2 0.5024038461538461 0.0625 0.014423076923076924 0.019381009615384616
2 0.6658653846153846 0.14543269230769232 0.01532451923076923 0.016376201923076924
2 0.41466346153846156 0.05048076923076923 0.012620192307692308 0.013671875
2 0.4098557692307692 0.3641826923076923 0.012920673076923076 0.012920673076923076
2 0.8942307692307693 0.6574519230769231 0.018479567307692308 0.017427884615384616
2 0.9110576923076923 0.6850961538461539 0.013221153846153846 0.01337139423076923
2 0.9423076923076923 0.6694711538461539 0.00946514423076923 0.009615384615384616
2 0.9230769230769231 0.47596153846153844 0.015474759615384616 0.01532451923076923
2 0.9675480769230769 0.46153846153846156 0.012169471153846154 0.009615384615384616
2 0.9038461538461539 0.27884615384615385 0.019230769230769232 0.009765625
2 0.9182692307692307 0.3016826923076923 0.004957932692307692 0.011868990384615384
2 0.9423076923076923 0.296875 0.00946514423076923 0.009615384615384616
2 0.9615384615384616 0.3088942307692308 0.00946514423076923 0.007361778846153846
0 0.35697115384615385 0.33413461538461536 0.0625 0.038461538461538464
0 0.5661057692307693 0.3701923076923077 0.15129206730769232 0.02869591346153846
0 0.5012019230769231 0.44350961538461536 0.021634615384615384 0.04537259615384615
0 0.5889423076923077 0.6033653846153846 0.043569711538461536 0.052884615384615384
0 0.5925480769230769 0.671875 0.055588942307692304 0.040865384615384616
0 0.7331730769230769 0.5204326923076923 0.13942307692307693 0.08413461538461539
1 0.4050480769230769 0.6706730769230769 0.03665865384615385 0.038161057692307696
1 0.5973557692307693 0.42427884615384615 0.021634615384615384 0.016826923076923076
1 0.42788461538461536 0.6358173076923077 0.047025240384615384 0.04567307692307692
1 0.46634615384615385 0.6033653846153846 0.034555288461538464 0.034555288461538464
1 0.7151442307692307 0.44350961538461536 0.041015625 0.041015625
1 0.7127403846153846 0.3605769230769231 0.041165865384615384 0.06280048076923077