1 0.453125 0.6117788461538461 0.020733173076923076 0.019230769230769232
1 0.37259615384615385 0.7163461538461539 0.052584134615384616 0.047926682692307696
1 0.3786057692307692 0.640625 0.06024639423076923 0.0987079326923077
1 0.4206730769230769 0.6983173076923077 0.009765625 0.009615384615384616
1 0.5060096153846154 0.65625 0.016676682692307692 0.014272836538461538
1 0.6802884615384616 0.5384615384615384 0.033353365384615384 0.033353365384615384
1 0.6826923076923077 0.4963942307692308 0.03861177884615385 0.045823317307692304
2 0.5252403846153846 0.7752403846153846 0.02674278846153846 0.014423076923076924
0 0.5348557692307693 0.6069711538461539 0.025841346153846152 0.025841346153846152
0 0.6850961538461539 0.6177884615384616 0.03786057692307692 0.0390625
0 0.53125 0.45913461538461536 0.04341947115384615 0.033804086538461536
0 0.4362980769230769 0.47836538461538464 0.036057692307692304 0.04341947115384615
0 0.4495192307692308 0.3942307692307692 0.043569711538461536 0.043118990384615384
0 0.5853365384615384 0.33533653846153844 0.040865384615384616 0.09375