1 0.984375 0.4423076923076923 0.03125 0.038461538461538464
1 0.8377403846153846 0.375 0.03560697115384615 0.034254807692307696
1 0.484375 0.22355769230769232 0.026592548076923076 0.023737980769230768
1 0.4963942307692308 0.24639423076923078 0.021784855769230768 0.021634615384615384
1 0.26802884615384615 0.32091346153846156 0.03545673076923077 0.03545673076923077
1 0.3112980769230769 0.5985576923076923 0.017127403846153848 0.024338942307692308
1 0.31490384615384615 0.5384615384615384 0.0635516826923077 0.0635516826923077
1 0.4014423076923077 0.6117788461538461 0.019681490384615384 0.021183894230769232
1 0.47716346153846156 0.7247596153846154 0.01697716346153846 0.016676682692307692
1 0.6201923076923077 0.7572115384615384 0.027644230769230768 0.02794471153846154
1 0.6346153846153846 0.7283653846153846 0.01817908653846154 0.01817908653846154
1 0.640625 0.6466346153846154 0.10817307692307693 0.1346153846153846
0 0.6466346153846154 0.5480769230769231 0.019381009615384616 0.03365384615384615
0 0.6466346153846154 0.5288461538461539 0.03951322115384615 0.039663461538461536
0 0.5576923076923077 0.5588942307692307 0.019080528846153848 0.026442307692307692
0 0.5540865384615384 0.5180288461538461 0.13731971153846154 0.0673076923076923
0 0.4495192307692308 0.515625 0.038161057692307696 0.038461538461538464
0 0.5420673076923077 0.43509615384615385 0.038461538461538464 0.038461538461538464
0 0.4495192307692308 0.6298076923076923 0.07782451923076923 0.078125