1 0.5168269230769231 0.26802884615384615 0.01893028846153846 0.019230769230769232
1 0.3557692307692308 0.4795673076923077 0.038461538461538464 0.031099759615384616
1 0.6045673076923077 0.5216346153846154 0.040865384615384616 0.043118990384615384
1 0.5721153846153846 0.4639423076923077 0.03275240384615385 0.029747596153846152
1 0.41346153846153844 0.5384615384615384 0.10561899038461539 0.047926682692307696
1 0.4375 0.3125 0.14513221153846154 0.14513221153846154
0 0.5805288461538461 0.6502403846153846 0.036959134615384616 0.03665865384615385
0 0.6490384615384616 0.3401442307692308 0.03831129807692308 0.038461538461538464
0 0.3425480769230769 0.3317307692307692 0.052884615384615384 0.047926682692307696
0 0.46274038461538464 0.7355769230769231 0.027043269230769232 0.027644230769230768
0 0.5528846153846154 0.17307692307692307 0.0674579326923077 0.08173076923076923