1 0.07211538461538461 0.20673076923076922 0.0770733173076923 0.07677283653846154
1 0.14423076923076922 0.2439903846153846 0.052584134615384616 0.05123197115384615
1 0.15865384615384615 0.3245192307692308 0.07196514423076923 0.07241586538461539
1 0.1141826923076923 0.3161057692307692 0.04326923076923077 0.04326923076923077
1 0.0829326923076923 0.3401442307692308 0.035757211538461536 0.03545673076923077
1 0.06490384615384616 0.3713942307692308 0.014423076923076924 0.016676682692307692
1 0.07451923076923077 0.40024038461538464 0.028996394230769232 0.026442307692307692
1 0.0829326923076923 0.42908653846153844 0.016676682692307692 0.01201923076923077
1 0.07091346153846154 0.4699519230769231 0.028846153846153848 0.012169471153846154
1 0.2127403846153846 0.3605769230769231 0.026442307692307692 0.014423076923076924
1 0.17668269230769232 0.47596153846153844 0.016376201923076924 0.015024038461538462
1 0.31009615384615385 0.5168269230769231 0.024188701923076924 0.023737980769230768
1 0.23798076923076922 0.5264423076923077 0.010516826923076924 0.010516826923076924
1 0.36538461538461536 0.40865384615384615 0.019381009615384616 0.01953125
1 0.2536057692307692 0.42908653846153844 0.1328125 0.1328125
1 0.1141826923076923 0.5408653846153846 0.026442307692307692 0.019381009615384616
1 0.13581730769230768 0.5240384615384616 0.0889423076923077 0.13957331730769232
1 0.10817307692307693 0.6490384615384616 0.025090144230769232 0.027794471153846152
1 0.08653846153846154 0.7331730769230769 0.06670673076923077 0.06280048076923077
1 0.14543269230769232 0.7127403846153846 0.03545673076923077 0.035757211538461536