1 0.22355769230769232 0.2956730769230769 0.043118990384615384 0.02869591346153846
1 0.4411057692307692 0.19230769230769232 0.031099759615384616 0.01893028846153846
1 0.4206730769230769 0.17067307692307693 0.024338942307692308 0.0234375
1 0.8149038461538461 0.2860576923076923 0.03831129807692308 0.033353365384615384
1 0.9807692307692307 0.34375 0.038461538461538464 0.038161057692307696
1 0.31490384615384615 0.5120192307692307 0.05318509615384615 0.062349759615384616
1 0.3269230769230769 0.5733173076923077 0.01893028846153846 0.026592548076923076
1 0.41947115384615385 0.5769230769230769 0.017427884615384616 0.018479567307692308
1 0.5180288461538461 0.6778846153846154 0.01697716346153846 0.014573317307692308
1 0.6646634615384616 0.6959134615384616 0.025540865384615384 0.02403846153846154
1 0.6730769230769231 0.6682692307692307 0.01953125 0.014423076923076924
1 0.6706730769230769 0.5889423076923077 0.12469951923076923 0.12469951923076923
0 0.4699519230769231 0.5889423076923077 0.0673076923076923 0.08203125
0 0.4495192307692308 0.47596153846153844 0.03936298076923077 0.039663461538461536
0 0.5528846153846154 0.46634615384615385 0.10591947115384616 0.10576923076923077
0 0.5637019230769231 0.5084134615384616 0.021484375 0.026442307692307692
0 0.6526442307692307 0.48677884615384615 0.021484375 0.036207932692307696
0 0.6502403846153846 0.4675480769230769 0.04056490384615385 0.04056490384615385
0 0.5252403846153846 0.38341346153846156 0.055288461538461536 0.02403846153846154