0 0.3173076923076923 0.31971153846153844 0.07211538461538461 0.04326923076923077
0 0.546875 0.3629807692307692 0.09900841346153846 0.10006009615384616
0 0.7259615384615384 0.5300480769230769 0.14453125 0.09390024038461539
0 0.47475961538461536 0.4411057692307692 0.031850961538461536 0.031850961538461536
0 0.5649038461538461 0.6189903846153846 0.05303485576923077 0.06024639423076923
0 0.5661057692307693 0.6911057692307693 0.06490384615384616 0.04567307692307692
2 0.9206730769230769 0.2776442307692308 0.013521634615384616 0.01201923076923077
2 0.9603365384615384 0.2932692307692308 0.007662259615384615 0.008864182692307692
2 0.984375 0.3088942307692308 0.007361778846153846 0.007361778846153846
2 0.9338942307692307 0.2980769230769231 0.011868990384615384 0.009615384615384616
2 0.9362980769230769 0.49038461538461536 0.016526442307692308 0.02403846153846154
2 0.9002403846153846 0.6826923076923077 0.021634615384615384 0.014573317307692308
2 0.9182692307692307 0.7139423076923077 0.009915865384615384 0.009615384615384616
2 0.9543269230769231 0.6971153846153846 0.01337139423076923 0.01337139423076923
2 0.37740384615384615 0.3557692307692308 0.014423076923076924 0.014573317307692308
1 0.3581730769230769 0.6838942307692307 0.03831129807692308 0.038461538461538464
1 0.38461538461538464 0.6466346153846154 0.04912860576923077 0.051682692307692304
1 0.42908653846153844 0.6129807692307693 0.03635817307692308 0.038161057692307696
1 0.7103365384615384 0.44711538461538464 0.04146634615384615 0.042818509615384616
1 0.7091346153846154 0.35697115384615385 0.05709134615384615 0.055739182692307696