1 0.3942307692307692 0.25240384615384615 0.1443810096153846 0.10081129807692307
1 0.25721153846153844 0.22235576923076922 0.10546875 0.04807692307692308
1 0.24759615384615385 0.28846153846153844 0.010516826923076924 0.013521634615384616
1 0.2692307692307692 0.3762019230769231 0.11057692307692307 0.052884615384615384
1 0.15865384615384615 0.41586538461538464 0.039663461538461536 0.03936298076923077
1 0.203125 0.42788461538461536 0.009615384615384616 0.009314903846153846
1 0.21634615384615385 0.4519230769230769 0.014122596153846154 0.009915865384615384
1 0.21394230769230768 0.4723557692307692 0.01397235576923077 0.012469951923076924
1 0.21995192307692307 0.5588942307692307 0.027493990384615384 0.028846153846153848
1 0.2127403846153846 0.4951923076923077 0.01201923076923077 0.02869591346153846
1 0.17668269230769232 0.890625 0.036057692307692304 0.036057692307692304
1 0.18629807692307693 0.828125 0.016826923076923076 0.031400240384615384
1 0.203125 0.9483173076923077 0.030198317307692308 0.027493990384615384
1 0.11658653846153846 0.9459134615384616 0.06084735576923077 0.060697115384615384
1 0.10336538461538461 0.8810096153846154 0.03365384615384615 0.028846153846153848
1 0.17908653846153846 0.984375 0.01201923076923077 0.007061298076923077
1 0.22235576923076922 0.984375 0.009615384615384616 0.007061298076923077
0 0.39783653846153844 0.4855769230769231 0.059645432692307696 0.05814302884615385
0 0.4831730769230769 0.37740384615384615 0.024188701923076924 0.024338942307692308
0 0.6466346153846154 0.7067307692307693 0.11643629807692307 0.11643629807692307
0 0.4855769230769231 0.6899038461538461 0.078125 0.07797475961538461
0 0.40625 0.6370192307692307 0.05348557692307692 0.056790865384615384
0 0.5144230769230769 0.5072115384615384 0.052734375 0.052584134615384616
0 0.5649038461538461 0.4483173076923077 0.05348557692307692 0.045973557692307696