1 0.45913461538461536 0.26802884615384615 0.10591947115384616 0.18013822115384615
1 0.5600961538461539 0.23677884615384615 0.01893028846153846 0.019230769230769232
1 0.5564903846153846 0.44471153846153844 0.014423076923076924 0.043569711538461536
1 0.3125 0.421875 0.01006610576923077 0.011568509615384616
1 0.30649038461538464 0.3954326923076923 0.007361778846153846 0.007211538461538462
1 0.33413461538461536 0.41947115384615385 0.03275240384615385 0.03200120192307692
1 0.38100961538461536 0.49038461538461536 0.0790264423076923 0.07782451923076923
1 0.5721153846153846 0.5072115384615384 0.04341947115384615 0.04341947115384615
0 0.36778846153846156 0.703125 0.03245192307692308 0.03125
0 0.5096153846153846 0.6334134615384616 0.057692307692307696 0.026442307692307692
0 0.6670673076923077 0.33413461538461536 0.036057692307692304 0.043118990384615384
0 0.36778846153846156 0.2692307692307692 0.05318509615384615 0.05318509615384615
0 0.6225961538461539 0.15384615384615385 0.08173076923076923 0.072265625