0 0.3737980769230769 0.796875 0.030799278846153848 0.03064903846153846
0 0.5216346153846154 0.75 0.04837740384615385 0.029447115384615384
0 0.46274038461538464 0.40024038461538464 0.055588942307692304 0.040865384615384616
0 0.7295673076923077 0.4831730769230769 0.031099759615384616 0.043118990384615384
0 0.7199519230769231 0.3161057692307692 0.08413461538461539 0.06009615384615385
1 0.40384615384615385 0.53125 0.028996394230769232 0.03350360576923077
1 0.43028846153846156 0.5985576923076923 0.10096153846153846 0.052884615384615384
1 0.6057692307692307 0.6358173076923077 0.04221754807692308 0.040865384615384616
1 0.6033653846153846 0.5757211538461539 0.029597355769230768 0.03064903846153846
1 0.6442307692307693 0.3858173076923077 0.019230769230769232 0.014423076923076924
1 0.5408653846153846 0.4074519230769231 0.1240985576923077 0.12349759615384616