2 0.5036057692307693 0.030048076923076924 0.019230769230769232 0.019230769230769232
2 0.42427884615384615 0.10216346153846154 0.017878605769230768 0.020582932692307692
2 0.671875 0.11538461538461539 0.014423076923076924 0.014723557692307692
2 0.41466346153846156 0.018028846153846152 0.009615384615384616 0.011868990384615384
2 0.06971153846153846 0.3293269230769231 0.019230769230769232 0.014573317307692308
2 0.037259615384615384 0.3329326923076923 0.014423076923076924 0.012319711538461538
2 0.026442307692307692 0.19951923076923078 0.024338942307692308 0.023737980769230768
2 0.8942307692307693 0.640625 0.014723557692307692 0.014423076923076924
2 0.9110576923076923 0.6658653846153846 0.00946514423076923 0.009915865384615384
2 0.9435096153846154 0.6514423076923077 0.014423076923076924 0.014122596153846154
2 0.9302884615384616 0.4567307692307692 0.014122596153846154 0.01893028846153846
2 0.9735576923076923 0.44350961538461536 0.009765625 0.011868990384615384
2 0.9122596153846154 0.25721153846153844 0.016826923076923076 0.01532451923076923
2 0.9242788461538461 0.2800480769230769 0.007211538461538462 0.01201923076923077
2 0.9483173076923077 0.27283653846153844 0.007512019230769231 0.007512019230769231
2 0.9711538461538461 0.28725961538461536 0.009765625 0.009615384615384616
0 0.34975961538461536 0.3125 0.0673076923076923 0.043118990384615384
0 0.5673076923076923 0.3485576923076923 0.09134615384615384 0.09119591346153846
0 0.5 0.421875 0.033203125 0.03170072115384615
0 0.5865384615384616 0.5853365384615384 0.04326923076923077 0.050631009615384616
0 0.5901442307692307 0.6538461538461539 0.049729567307692304 0.048677884615384616
0 0.7319711538461539 0.5012019230769231 0.1084735576923077 0.1084735576923077
1 0.4014423076923077 0.6526442307692307 0.043870192307692304 0.02674278846153846
1 0.42427884615384615 0.6153846153846154 0.046274038461538464 0.04732572115384615
1 0.46274038461538464 0.5841346153846154 0.035306490384615384 0.034104567307692304
1 0.71875 0.42427884615384615 0.023737980769230768 0.0673076923076923
1 0.7151442307692307 0.3389423076923077 0.045823317307692304 0.0674579326923077
1 0.5961538461538461 0.4026442307692308 0.019230769230769232 0.016676682692307692