1 0.6370192307692307 0.3449519230769231 0.09134615384615384 0.07436899038461539
1 0.7019230769230769 0.33653846153846156 0.022986778846153848 0.020432692307692308
1 0.734375 0.34375 0.030949519230769232 0.01953125
1 0.5769230769230769 0.5 0.019080528846153848 0.024188701923076924
1 0.38221153846153844 0.7403846153846154 0.019381009615384616 0.028545673076923076
1 0.3161057692307692 0.6526442307692307 0.009615384615384616 0.012169471153846154
1 0.3245192307692308 0.7139423076923077 0.048978365384615384 0.04912860576923077
1 0.25600961538461536 0.6730769230769231 0.08338341346153846 0.08248197115384616
1 0.25 0.6237980769230769 0.009915865384615384 0.012319711538461538
2 0.28365384615384615 0.3233173076923077 0.00946514423076923 0.011868990384615384
2 0.3112980769230769 0.2548076923076923 0.006911057692307692 0.009615384615384616
2 0.2956730769230769 0.234375 0.005408653846153846 0.009615384615384616
2 0.2403846153846154 0.20192307692307693 0.004807692307692308 0.00946514423076923
2 0.11298076923076923 0.18870192307692307 0.005108173076923077 0.009615384615384616
0 0.30408653846153844 0.7704326923076923 0.04326923076923077 0.036207932692307696
0 0.46033653846153844 0.9122596153846154 0.13716947115384615 0.06009615384615385
0 0.5625 0.8329326923076923 0.05829326923076923 0.05934495192307692
0 0.43149038461538464 0.7740384615384616 0.04131610576923077 0.042818509615384616
0 0.4014423076923077 0.6826923076923077 0.06715745192307693 0.028996394230769232
0 0.4110576923076923 0.5997596153846154 0.14813701923076922 0.1466346153846154
0 0.44591346153846156 0.4411057692307692 0.06460336538461539 0.052884615384615384