1 0.22355769230769232 0.2956730769230769 0.03470552884615385 0.03470552884615385
1 0.4411057692307692 0.19230769230769232 0.030949519230769232 0.018629807692307692
1 0.4206730769230769 0.17067307692307693 0.024188701923076924 0.023737980769230768
1 0.8149038461538461 0.2860576923076923 0.03831129807692308 0.033353365384615384
1 0.9807692307692307 0.34375 0.038461538461538464 0.038161057692307696
1 0.31490384615384615 0.5120192307692307 0.05348557692307692 0.06219951923076923
1 0.3269230769230769 0.5733173076923077 0.023137019230769232 0.022385817307692308
1 0.41947115384615385 0.5769230769230769 0.016826923076923076 0.019080528846153848
1 0.5180288461538461 0.6778846153846154 0.016376201923076924 0.015174278846153846
1 0.6646634615384616 0.6959134615384616 0.025540865384615384 0.02403846153846154
1 0.6730769230769231 0.6682692307692307 0.01817908653846154 0.018028846153846152
1 0.6706730769230769 0.5889423076923077 0.1102764423076923 0.13912259615384615
0 0.4699519230769231 0.5889423076923077 0.0673076923076923 0.08233173076923077
0 0.4495192307692308 0.47596153846153844 0.03951322115384615 0.039663461538461536
0 0.5528846153846154 0.46634615384615385 0.10591947115384616 0.10576923076923077
0 0.5637019230769231 0.5084134615384616 0.022536057692307692 0.02403846153846154
0 0.6526442307692307 0.48677884615384615 0.021334134615384616 0.03635817307692308
0 0.6502403846153846 0.4675480769230769 0.04071514423076923 0.04071514423076923
0 0.5252403846153846 0.38341346153846156 0.055288461538461536 0.02403846153846154