1 0.265625 0.2403846153846154 0.11057692307692307 0.047776442307692304
1 0.40024038461538464 0.26802884615384615 0.15114182692307693 0.09885817307692307
1 0.2536057692307692 0.30528846153846156 0.01201923076923077 0.013221153846153846
1 0.2800480769230769 0.3942307692307692 0.11057692307692307 0.05303485576923077
1 0.16947115384615385 0.43509615384615385 0.059945913461538464 0.023737980769230768
1 0.2247596153846154 0.4891826923076923 0.012620192307692308 0.012620192307692308
1 0.22115384615384615 0.4579326923076923 0.019381009615384616 0.03125
1 0.21875 0.5144230769230769 0.02013221153846154 0.023137019230769232
1 0.22716346153846154 0.5588942307692307 0.01201923076923077 0.01201923076923077
1 0.23197115384615385 0.5841346153846154 0.01201923076923077 0.024338942307692308
1 0.1935096153846154 0.9086538461538461 0.036057692307692304 0.03470552884615385
1 0.203125 0.8473557692307693 0.025841346153846152 0.025841346153846152
1 0.11778846153846154 0.9002403846153846 0.033353365384615384 0.03170072115384615
1 0.22115384615384615 0.9627403846153846 0.04296875 0.03125
1 0.14903846153846154 0.9603365384615384 0.01953125 0.021334134615384616
1 0.13942307692307693 0.984375 0.028846153846153848 0.012169471153846154
1 0.1141826923076923 0.9519230769230769 0.026141826923076924 0.024939903846153848
0 0.4074519230769231 0.5012019230769231 0.0791766826923077 0.04326923076923077
0 0.4951923076923077 0.39302884615384615 0.027644230769230768 0.026442307692307692
0 0.5769230769230769 0.46153846153846156 0.052584134615384616 0.052734375
0 0.5264423076923077 0.5216346153846154 0.057542067307692304 0.048227163461538464
0 0.421875 0.6550480769230769 0.06490384615384616 0.041015625
0 0.6658653846153846 0.7235576923076923 0.10126201923076923 0.12980769230769232
0 0.4987980769230769 0.7067307692307693 0.026592548076923076 0.12469951923076923