1 0.453125 0.6117788461538461 0.020582932692307692 0.019230769230769232
1 0.37259615384615385 0.7163461538461539 0.048677884615384616 0.048978365384615384
1 0.3786057692307692 0.640625 0.07962740384615384 0.07962740384615384
1 0.4206730769230769 0.6983173076923077 0.009765625 0.009615384615384616
1 0.5060096153846154 0.65625 0.016676682692307692 0.014272836538461538
1 0.6802884615384616 0.5384615384615384 0.033353365384615384 0.033353365384615384
1 0.6826923076923077 0.4963942307692308 0.042818509615384616 0.041616586538461536
2 0.5252403846153846 0.7752403846153846 0.021183894230769232 0.021033653846153848
0 0.5348557692307693 0.6069711538461539 0.02403846153846154 0.026442307692307692
0 0.6850961538461539 0.6177884615384616 0.038161057692307696 0.03876201923076923
0 0.53125 0.45913461538461536 0.03861177884615385 0.03861177884615385
0 0.4362980769230769 0.47836538461538464 0.04026442307692308 0.039212740384615384
0 0.4495192307692308 0.3942307692307692 0.05348557692307692 0.033353365384615384
0 0.5853365384615384 0.33533653846153844 0.040865384615384616 0.09375