1 0.43149038461538464 0.23317307692307693 0.02674278846153846 0.015024038461538462
1 0.41466346153846156 0.2127403846153846 0.026442307692307692 0.021784855769230768
1 0.7992788461538461 0.32211538461538464 0.04537259615384615 0.03365384615384615
1 0.9663461538461539 0.3762019230769231 0.03786057692307692 0.036508413461538464
1 0.21634615384615385 0.3329326923076923 0.03861177884615385 0.026442307692307692
1 0.3076923076923077 0.5444711538461539 0.057542067307692304 0.06475360576923077
1 0.3173076923076923 0.6069711538461539 0.014423076923076924 0.02403846153846154
1 0.4110576923076923 0.609375 0.019080528846153848 0.016826923076923076
1 0.5084134615384616 0.7103365384615384 0.017878605769230768 0.020582932692307692
1 0.6598557692307693 0.7295673076923077 0.025390625 0.02403846153846154
1 0.6646634615384616 0.6995192307692307 0.017427884615384616 0.01893028846153846
1 0.6646634615384616 0.6201923076923077 0.11057692307692307 0.13521634615384615
0 0.46153846153846156 0.6213942307692307 0.0811298076923077 0.07962740384615384
0 0.44350961538461536 0.5072115384615384 0.045072115384615384 0.043569711538461536
0 0.5420673076923077 0.4987980769230769 0.10096153846153846 0.10096153846153846
0 0.5552884615384616 0.5384615384615384 0.023137019230769232 0.023137019230769232
0 0.6430288461538461 0.5192307692307693 0.027193509615384616 0.028245192307692308
0 0.640625 0.4963942307692308 0.057692307692307696 0.019230769230769232
0 0.5144230769230769 0.4170673076923077 0.03756009615384615 0.03635817307692308