2 0.9074519230769231 0.2860576923076923 0.01697716346153846 0.009765625
2 0.9242788461538461 0.30528846153846156 0.012169471153846154 0.00946514423076923
2 0.9471153846153846 0.3016826923076923 0.009615384615384616 0.007211538461538462
2 0.9314903846153846 0.4987980769230769 0.021033653846153848 0.021033653846153848
2 0.8954326923076923 0.6911057692307693 0.017427884615384616 0.017427884615384616
2 0.9134615384615384 0.7199519230769231 0.01006610576923077 0.011568509615384616
2 0.9495192307692307 0.7043269230769231 0.014272836538461538 0.014272836538461538
2 0.36538461538461536 0.36538461538461536 0.014272836538461538 0.014573317307692308
2 0.47716346153846156 0.04927884615384615 0.019230769230769232 0.021784855769230768
1 0.35216346153846156 0.6971153846153846 0.05033052884615385 0.029146634615384616
1 0.3786057692307692 0.6586538461538461 0.05078125 0.05198317307692308
1 0.4230769230769231 0.6237980769230769 0.03831129807692308 0.038461538461538464
1 0.6983173076923077 0.45552884615384615 0.045072115384615384 0.044921875
1 0.6995192307692307 0.36778846153846156 0.058743990384615384 0.058743990384615384
0 0.5360576923076923 0.3762019230769231 0.16346153846153846 0.02674278846153846
0 0.4651442307692308 0.4519230769230769 0.019230769230769232 0.04341947115384615
0 0.5564903846153846 0.6310096153846154 0.05048076923076923 0.057692307692307696
0 0.5576923076923077 0.7019230769230769 0.05784254807692308 0.043118990384615384
0 0.3076923076923077 0.3329326923076923 0.053786057692307696 0.054837740384615384
0 0.7199519230769231 0.5384615384615384 0.146484375 0.09149639423076923
1 0.5709134615384616 0.43509615384615385 0.016826923076923076 0.015625