0 0.41225961538461536 0.5444711538461539 0.07481971153846154 0.0751201923076923
2 0.6069711538461539 0.7007211538461539 0.1201923076923077 0.06505408653846154
2 0.9146634615384616 0.8653846153846154 0.028846153846153848 0.028996394230769232
2 0.5961538461538461 0.5697115384615384 0.028996394230769232 0.02869591346153846
2 0.7487980769230769 0.65625 0.03560697115384615 0.034104567307692304
2 0.9723557692307693 0.18269230769230768 0.04146634615384615 0.042367788461538464
2 0.9074519230769231 0.17067307692307693 0.026592548076923076 0.02403846153846154
2 0.9495192307692307 0.11177884615384616 0.03350360576923077 0.03365384615384615
0 0.5769230769230769 0.30649038461538464 0.05709134615384615 0.05588942307692308
0 0.35096153846153844 0.49759615384615385 0.01817908653846154 0.01817908653846154
0 0.5793269230769231 0.5012019230769231 0.057542067307692304 0.07451923076923077
0 0.7379807692307693 0.453125 0.15309495192307693 0.1521935096153846
0 0.6983173076923077 0.6141826923076923 0.10096153846153846 0.10096153846153846
0 0.5588942307692307 0.7668269230769231 0.08368389423076923 0.08248197115384616
0 0.3401442307692308 0.7295673076923077 0.25240384615384615 0.25255408653846156