1 0.5168269230769231 0.26802884615384615 0.019080528846153848 0.019230769230769232
1 0.3557692307692308 0.4795673076923077 0.034254807692307696 0.035306490384615384
1 0.6045673076923077 0.5216346153846154 0.040865384615384616 0.043118990384615384
1 0.5721153846153846 0.4639423076923077 0.019381009615384616 0.043118990384615384
1 0.41346153846153844 0.5384615384615384 0.10561899038461539 0.047926682692307696
1 0.4375 0.3125 0.14528245192307693 0.14528245192307693
0 0.5805288461538461 0.6502403846153846 0.055588942307692304 0.019230769230769232
0 0.6490384615384616 0.3401442307692308 0.03831129807692308 0.038461538461538464
0 0.3425480769230769 0.3317307692307692 0.05048076923076923 0.04912860576923077
0 0.46274038461538464 0.7355769230769231 0.026442307692307692 0.028245192307692308
0 0.5528846153846154 0.17307692307692307 0.07587139423076923 0.07572115384615384