1 0.16947115384615385 0.4074519230769231 0.059945913461538464 0.021784855769230768
1 0.22596153846153846 0.5516826923076923 0.029447115384615384 0.030498798076923076
1 0.22355769230769232 0.46274038461538464 0.014573317307692308 0.011868990384615384
1 0.21754807692307693 0.4879807692307692 0.016826923076923076 0.018329326923076924
1 0.22355769230769232 0.44350961538461536 0.014122596153846154 0.009615384615384616
1 0.40865384615384615 0.24158653846153846 0.14888822115384615 0.10336538461538461
1 0.2704326923076923 0.21033653846153846 0.07932692307692307 0.0791766826923077
1 0.25841346153846156 0.2776442307692308 0.011568509615384616 0.01141826923076923
1 0.2800480769230769 0.36778846153846156 0.08383413461538461 0.08233173076923077
1 0.18028846153846154 0.8858173076923077 0.038461538461538464 0.038461538461538464
1 0.20552884615384615 0.9435096153846154 0.03064903846153846 0.030799278846153848
1 0.1935096153846154 0.8221153846153846 0.01697716346153846 0.04837740384615385
1 0.10817307692307693 0.8774038461538461 0.028996394230769232 0.03365384615384615
1 0.125 0.9507211538461539 0.057992788461538464 0.05048076923076923
0 0.4987980769230769 0.37259615384615385 0.026292067307692308 0.028996394230769232
0 0.4098557692307692 0.4795673076923077 0.059945913461538464 0.06024639423076923
0 0.6610576923076923 0.7067307692307693 0.09194711538461539 0.1349158653846154
0 0.49278846153846156 0.6875 0.028545673076923076 0.12439903846153846
0 0.4170673076923077 0.6334134615384616 0.06490384615384616 0.041165865384615384
0 0.5276442307692307 0.5036057692307693 0.057692307692307696 0.050631009615384616
0 0.5805288461538461 0.44350961538461536 0.05048076923076923 0.05048076923076923
1 0.20793269230769232 0.9735576923076923 0.006610576923076923 0.005709134615384615
1 0.2283653846153846 0.9807692307692307 0.005108173076923077 0.004957932692307692
1 0.18509615384615385 0.9819711538461539 0.00946514423076923 0.004807692307692308