2 0.07451923076923077 0.3293269230769231 0.015625 0.01817908653846154
2 0.4098557692307692 0.3389423076923077 0.014423076923076924 0.005108173076923077
2 0.5048076923076923 0.028846153846153848 0.014573317307692308 0.019080528846153848
2 0.41346153846153844 0.014423076923076924 0.009615384615384616 0.009915865384615384
2 0.671875 0.11298076923076923 0.01622596153846154 0.01532451923076923
2 0.9146634615384616 0.2536057692307692 0.013070913461538462 0.013070913461538462
2 0.9495192307692307 0.2692307692307692 0.010516826923076924 0.010667067307692308
2 0.9290865384615384 0.27403846153846156 0.009615384615384616 0.00946514423076923
2 0.9735576923076923 0.2824519230769231 0.009314903846153846 0.006911057692307692
2 0.9326923076923077 0.45552884615384615 0.014573317307692308 0.021484375
2 0.9735576923076923 0.43990384615384615 0.014272836538461538 0.014122596153846154
2 0.9002403846153846 0.6358173076923077 0.016826923076923076 0.016826923076923076
2 0.9134615384615384 0.6598557692307693 0.014723557692307692 0.009615384615384616
2 0.9435096153846154 0.6478365384615384 0.016826923076923076 0.016826923076923076
2 0.027644230769230768 0.1971153846153846 0.021784855769230768 0.014423076923076924
2 0.038461538461538464 0.33052884615384615 0.018780048076923076 0.017277644230769232
2 0.42427884615384615 0.09975961538461539 0.01622596153846154 0.01622596153846154
1 0.40384615384615385 0.6490384615384616 0.03365384615384615 0.033804086538461536
1 0.42788461538461536 0.6141826923076923 0.043569711538461536 0.045072115384615384
1 0.4675480769230769 0.5817307692307693 0.036057692307692304 0.028996394230769232
1 0.7199519230769231 0.4182692307692308 0.04326923076923077 0.043118990384615384
1 0.7163461538461539 0.33533653846153844 0.05709134615384615 0.055739182692307696
1 0.5973557692307693 0.39903846153846156 0.016826923076923076 0.014573317307692308
0 0.5012019230769231 0.4206730769230769 0.016826923076923076 0.043118990384615384
0 0.3545673076923077 0.3088942307692308 0.06490384615384616 0.038461538461538464
0 0.5685096153846154 0.3449519230769231 0.15384615384615385 0.031099759615384616
0 0.5901442307692307 0.5829326923076923 0.04326923076923077 0.055288461538461536
0 0.5925480769230769 0.6514423076923077 0.05048076923076923 0.04912860576923077
0 0.7355769230769231 0.4987980769230769 0.134765625 0.08413461538461539