0 0.5432692307692307 0.3173076923076923 0.06760817307692307 0.09134615384615384
0 0.43149038461538464 0.39903846153846156 0.06024639423076923 0.03831129807692308
0 0.4519230769230769 0.4879807692307692 0.03936298076923077 0.042367788461538464
0 0.59375 0.5901442307692307 0.023287259615384616 0.02208533653846154
0 0.7427884615384616 0.5697115384615384 0.028545673076923076 0.03876201923076923
0 0.5336538461538461 0.4483173076923077 0.028996394230769232 0.041015625
1 0.5144230769230769 0.6117788461538461 0.019230769230769232 0.016676682692307692
1 0.5817307692307693 0.6442307692307693 0.014573317307692308 0.014272836538461538
1 0.5144230769230769 0.6995192307692307 0.009765625 0.00946514423076923
1 0.47596153846153844 0.7271634615384616 0.04221754807692308 0.040865384615384616
1 0.4639423076923077 0.65625 0.07211538461538461 0.09194711538461539
1 0.7007211538461539 0.45072115384615385 0.036207932692307696 0.04807692307692308
1 0.703125 0.49158653846153844 0.03155048076923077 0.03125
2 0.6478365384615384 0.7560096153846154 0.019230769230769232 0.016826923076923076