1 0.5072115384615384 0.22115384615384615 0.029146634615384616 0.01893028846153846
1 0.5228365384615384 0.24158653846153846 0.025691105769230768 0.025841346153846152
1 0.29447115384615385 0.31971153846153844 0.03665865384615385 0.037710336538461536
1 0.8629807692307693 0.3737980769230769 0.03350360576923077 0.03590745192307692
1 0.4963942307692308 0.7223557692307693 0.019230769230769232 0.014423076923076924
1 0.640625 0.7572115384615384 0.025841346153846152 0.02478966346153846
1 0.6550480769230769 0.7331730769230769 0.01171875 0.009615384615384616
1 0.6574519230769231 0.6478365384615384 0.10802283653846154 0.1346153846153846
1 0.6466346153846154 0.7235576923076923 0.009765625 0.009615384615384616
1 0.421875 0.609375 0.019230769230769232 0.014423076923076924
1 0.33052884615384615 0.5961538461538461 0.012319711538461538 0.02403846153846154
1 0.33533653846153844 0.5348557692307693 0.06009615384615385 0.06024639423076923
0 0.4675480769230769 0.6286057692307693 0.07947716346153846 0.07466947115384616
0 0.578125 0.5576923076923077 0.02403846153846154 0.023737980769230768
0 0.6706730769230769 0.5480769230769231 0.023737980769230768 0.023888221153846152
0 0.6694711538461539 0.5288461538461539 0.040114182692307696 0.0390625
0 0.5745192307692307 0.5180288461538461 0.10561899038461539 0.10576923076923077
0 0.47115384615384615 0.5144230769230769 0.039663461538461536 0.039663461538461536
0 0.5637019230769231 0.4338942307692308 0.052884615384615384 0.028846153846153848