1 0.40625 0.28725961538461536 0.12139423076923077 0.12259615384615384
1 0.2704326923076923 0.25721153846153844 0.10366586538461539 0.043870192307692304
1 0.25961538461538464 0.32091346153846156 0.014423076923076924 0.009615384615384616
1 0.28125 0.40865384615384615 0.08143028846153846 0.08173076923076923
1 0.16826923076923078 0.44711538461538464 0.057542067307692304 0.01953125
1 0.2247596153846154 0.5889423076923077 0.027193509615384616 0.02794471153846154
1 0.22355769230769232 0.5036057692307693 0.014423076923076924 0.012169471153846154
1 0.21634615384615385 0.5276442307692307 0.023737980769230768 0.02208533653846154
1 0.22355769230769232 0.48197115384615385 0.010216346153846154 0.011268028846153846
1 0.2127403846153846 0.4579326923076923 0.00811298076923077 0.0078125
1 0.17067307692307693 0.9230769230769231 0.028996394230769232 0.048227163461538464
1 0.18870192307692307 0.8533653846153846 0.026893028846153848 0.028395432692307692
1 0.1971153846153846 0.9771634615384616 0.03876201923076923 0.031400240384615384
1 0.09735576923076923 0.9122596153846154 0.030198317307692308 0.030198317307692308
1 0.11177884615384616 0.9711538461538461 0.055739182692307696 0.05709134615384615
0 0.4098557692307692 0.6694711538461539 0.06490384615384616 0.041165865384615384
0 0.40384615384615385 0.515625 0.072265625 0.036207932692307696
0 0.49399038461538464 0.4110576923076923 0.026292067307692308 0.023888221153846152
0 0.5721153846153846 0.48197115384615385 0.05739182692307692 0.04567307692307692
0 0.5216346153846154 0.5408653846153846 0.053786057692307696 0.05348557692307692
0 0.4855769230769231 0.7235576923076923 0.024188701923076924 0.12049278846153846
0 0.6538461538461539 0.7451923076923077 0.11568509615384616 0.11478365384615384