1 0.46634615384615385 0.21875 0.022986778846153848 0.022986778846153848
1 0.4795673076923077 0.24158653846153846 0.021634615384615384 0.021484375
1 0.8221153846153846 0.36778846153846156 0.03470552884615385 0.034555288461538464
1 0.9747596153846154 0.4362980769230769 0.038461538461538464 0.036207932692307696
1 0.2512019230769231 0.31971153846153844 0.031850961538461536 0.033353365384615384
1 0.30288461538461536 0.5360576923076923 0.061448317307692304 0.058743990384615384
1 0.3004807692307692 0.5985576923076923 0.019080528846153848 0.019381009615384616
1 0.3918269230769231 0.609375 0.014723557692307692 0.016676682692307692
1 0.47115384615384615 0.7199519230769231 0.018479567307692308 0.017427884615384616
1 0.6141826923076923 0.7512019230769231 0.02403846153846154 0.025390625
1 0.6262019230769231 0.7247596153846154 0.016826923076923076 0.016826923076923076
1 0.6322115384615384 0.6454326923076923 0.1102764423076923 0.13221153846153846
0 0.4411057692307692 0.6262019230769231 0.07947716346153846 0.07692307692307693
0 0.546875 0.5552884615384616 0.021935096153846152 0.0234375
0 0.6382211538461539 0.5432692307692307 0.021484375 0.033804086538461536
0 0.6370192307692307 0.5240384615384616 0.05348557692307692 0.023737980769230768
0 0.5420673076923077 0.5132211538461539 0.1026141826923077 0.10276442307692307
0 0.4411057692307692 0.5144230769230769 0.045973557692307696 0.03786057692307692
0 0.5300480769230769 0.43149038461538464 0.055288461538461536 0.02403846153846154