1 0.2980769230769231 0.3401442307692308 0.04341947115384615 0.02403846153846154
1 0.8665865384615384 0.3713942307692308 0.03365384615384615 0.03125
1 0.3449519230769231 0.6153846153846154 0.02403846153846154 0.02403846153846154
1 0.3473557692307692 0.5528846153846154 0.06009615384615385 0.05889423076923077
1 0.6658653846153846 0.7776442307692307 0.014723557692307692 0.016376201923076924
1 0.5216346153846154 0.7367788461538461 0.014723557692307692 0.014423076923076924
1 0.6778846153846154 0.65625 0.119140625 0.119140625
1 0.6802884615384616 0.7403846153846154 0.014423076923076924 0.009915865384615384
0 0.4879807692307692 0.6418269230769231 0.08158052884615384 0.08158052884615384
0 0.6850961538461539 0.5528846153846154 0.029747596153846152 0.029447115384615384
0 0.6838942307692307 0.5348557692307693 0.041015625 0.040865384615384616
0 0.5925480769230769 0.5673076923076923 0.022235576923076924 0.023287259615384616
0 0.5865384615384616 0.5240384615384616 0.10006009615384616 0.09735576923076923
0 0.48677884615384615 0.5288461538461539 0.045072115384615384 0.043870192307692304
0 0.5745192307692307 0.4423076923076923 0.044320913461538464 0.047025240384615384