1 0.59375 0.4543269230769231 0.019230769230769232 0.019831730769230768
1 0.7259615384615384 0.2956730769230769 0.020432692307692308 0.02283653846153846
1 0.7632211538461539 0.31009615384615385 0.021183894230769232 0.019981971153846152
1 0.6598557692307693 0.30288461538461536 0.08022836538461539 0.08143028846153846
1 0.39663461538461536 0.6875 0.025240384615384616 0.02794471153846154
1 0.3317307692307692 0.5985576923076923 0.014272836538461538 0.014723557692307692
1 0.26802884615384615 0.5649038461538461 0.009615384615384616 0.014423076923076924
1 0.27283653846153844 0.6177884615384616 0.08413461538461539 0.08278245192307693
1 0.34375 0.6598557692307693 0.04417067307692308 0.044921875
0 0.31971153846153844 0.7139423076923077 0.04296875 0.03861177884615385
0 0.47115384615384615 0.859375 0.09209735576923077 0.09314903846153846
0 0.5721153846153846 0.7848557692307693 0.06715745192307693 0.05048076923076923
0 0.44471153846153844 0.7211538461538461 0.042067307692307696 0.03951322115384615
0 0.4182692307692308 0.6310096153846154 0.048978365384615384 0.05048076923076923
0 0.46634615384615385 0.3942307692307692 0.06280048076923077 0.048677884615384616
0 0.42788461538461536 0.5504807692307693 0.1778846153846154 0.11538461538461539
2 0.3076923076923077 0.26802884615384615 0.009615384615384616 0.014423076923076924
2 0.33413461538461536 0.20192307692307693 0.008713942307692308 0.008413461538461538
2 0.32091346153846156 0.17908653846153846 0.007211538461538462 0.007211538461538462
2 0.2644230769230769 0.14423076923076922 0.009615384615384616 0.009915865384615384
2 0.13701923076923078 0.12620192307692307 0.009615384615384616 0.01201923076923077