1 0.4362980769230769 0.5721153846153846 0.02403846153846154 0.01893028846153846
1 0.5096153846153846 0.6033653846153846 0.014573317307692308 0.014423076923076924
1 0.43990384615384615 0.6598557692307693 0.023737980769230768 0.016526442307692308
1 0.38341346153846156 0.6213942307692307 0.08173076923076923 0.09375
1 0.4014423076923077 0.6935096153846154 0.04807692307692308 0.04807692307692308
1 0.6346153846153846 0.44471153846153844 0.038461538461538464 0.03350360576923077
1 0.6286057692307693 0.39663461538461536 0.041015625 0.052584134615384616
2 0.5817307692307693 0.7175480769230769 0.023888221153846152 0.021484375
0 0.36177884615384615 0.43990384615384615 0.036207932692307696 0.04807692307692308
0 0.4495192307692308 0.3954326923076923 0.03876201923076923 0.040414663461538464
0 0.6778846153846154 0.5216346153846154 0.03470552884615385 0.03470552884615385
0 0.5216346153846154 0.546875 0.023737980769230768 0.028846153846153848
0 0.4519230769230769 0.24879807692307693 0.0770733173076923 0.0985576923076923
0 0.33413461538461536 0.3449519230769231 0.07196514423076923 0.045522836538461536